step,wall_ns,manifolds,pairs,top_y,awake,void,colors,wide_colors,waves,g_ns,u_ns,r_ns,sys_sum_ns,disp_lane,worker_lane_max,sys_physics_integrate_ns,sys_physics_integrate_n,sys_physics_gather_ns,sys_physics_gather_n,sys_select_broadphase_ns,sys_select_broadphase_n,sys_physics_broadphase_ns,sys_physics_broadphase_n,sys_physics_narrowphase_ns,sys_physics_narrowphase_n,sys_physics_build_graph_ns,sys_physics_build_graph_n,sys_physics_solve_colored_ns,sys_physics_solve_colored_n,sys_physics_apply_ns,sys_physics_apply_n,phys_solve_build_ns,phys_solve_build_n,phys_gravity_ns,phys_gravity_n,phys_warm_apply_ns,phys_warm_apply_n,phys_integrate_ns,phys_integrate_n,phys_pass_biased_ns,phys_pass_biased_n,phys_pass_relax_ns,phys_pass_relax_n,phys_color_wide_ns,phys_color_wide_n,phys_color_narrow_ns,phys_color_narrow_n,phys_restitution_ns,phys_restitution_n,phys_store_ns,phys_store_n,phys_write_back_ns,phys_write_back_n,phys_sleep_begin_ns,phys_sleep_begin_n,phys_sleep_freeze_ns,phys_sleep_freeze_n,phys_sleep_end_ns,phys_sleep_end_n,phys_np_dispatch_ns,phys_np_dispatch_n,phys_np_compact_ns,phys_np_compact_n,phys_np_axis_commit_ns,phys_np_axis_commit_n,phys_bp_verify_ns,phys_bp_verify_n,phys_bp_build_ns,phys_bp_build_n,phys_bp_query_ns,phys_bp_query_n,phys_bp_assemble_ns,phys_bp_assemble_n,phys_slots_wide,phys_slots_wide_n,phys_slots_narrow,phys_slots_narrow_n,phys_np_pairs,phys_np_pairs_n,phys_np_manifolds,phys_np_manifolds_n,phys_np_points,phys_np_points_n,phys_bp_pairs,phys_bp_pairs_n,phys_np_chunks,phys_np_chunks_n,phys_bp_queried,phys_bp_queried_n,phys_bp_members,phys_bp_members_n,phys_bp_rebuilds,phys_bp_rebuilds_n,phys_np_reused,phys_np_reused_n,phys_np_sep_hits,phys_np_sep_hits_n,phys_np_full,phys_np_full_n
0,7614800,4495,9570,35.998295,1240,0,9,9,108,67648,16913,5200,7547152,16,160,1503,1,124199,1,120,1,2206805,1,1040697,1,196609,1,3961619,1,15600,1,815963,1,58984,4,549980,4,100063,4,844238,4,1491706,8,2330744,108,0,0,5831,1,57341,1,3526,1,9268,1,1313,2,6493,1,672497,1,141062,1,87098,1,0,0,0,0,0,0,0,0,17980,1,0,1,9570,1,4495,1,17980,1,9570,1,48,1,0,0,0,0,0,0,0,1,0,1,9570,1
1,5362600,4196,9570,35.993866,1240,0,8,8,96,33605,1353,2224,5328995,16,149,180,1,44576,1,60,1,1968115,1,393258,1,90885,1,2818575,1,13346,1,390202,1,11282,4,485476,4,78101,4,619184,4,1193461,8,1810421,96,0,0,2805,1,22754,1,2896,1,4278,1,1413,2,5370,1,361447,1,19568,1,4579,1,0,0,0,0,0,0,0,0,15924,1,0,1,9570,1,4196,1,15924,1,9570,1,48,1,0,0,0,0,0,0,0,1,5075,1,4495,1
2,5232500,4142,9570,35.986713,1240,0,8,8,96,32263,3417,2074,5200237,16,149,50,1,26080,1,70,1,1916886,1,354684,1,85314,1,2804087,1,13065,1,289699,1,11402,4,481679,4,78461,4,648180,4,1251734,8,1897839,96,0,0,2906,1,23415,1,2835,1,3637,1,1343,2,5380,1,324205,1,16392,1,4529,1,0,0,0,0,0,0,0,0,15744,1,0,1,9570,1,4142,1,15744,1,9570,1,48,1,0,0,0,0,0,0,0,1,5157,1,4413,1
3,5195600,4111,9570,35.976837,1240,0,8,8,96,32014,2665,2125,5163586,16,149,120,1,27323,1,50,1,1939189,1,321400,1,84433,1,2778016,1,13055,1,280471,1,11602,4,480326,4,78281,4,669721,4,1215904,8,1883501,96,0,0,2725,1,23024,1,2906,1,3707,1,1413,2,5270,1,289488,1,17273,1,5070,1,0,0,0,0,0,0,0,0,15687,1,0,1,9570,1,4111,1,15687,1,9570,1,48,1,0,0,0,0,0,0,0,1,5389,1,4181,1
4,5147200,4100,9570,35.964233,1240,0,8,8,96,31516,1183,3637,5115684,16,149,20,1,27313,1,40,1,1938037,1,343552,1,83230,1,2710386,1,13105,1,277595,1,11582,4,477731,4,78371,4,633962,4,1192028,8,1822353,96,0,0,3116,1,21341,1,2925,1,3657,1,1282,2,5611,1,314907,1,16712,1,3908,1,0,0,0,0,0,0,0,0,15670,1,0,1,9570,1,4100,1,15670,1,9570,1,48,1,0,0,0,0,0,0,0,1,5440,1,4130,1
5,5130300,4087,9570,35.948902,1240,0,8,8,96,30737,1303,3377,5099563,16,149,40,1,27323,1,50,1,1936634,1,342721,1,82639,1,2697090,1,13065,1,276894,1,11362,4,476509,4,78131,4,623282,4,1191708,8,1811613,96,0,0,2685,1,21872,1,2845,1,3867,1,1373,2,5260,1,313164,1,16993,1,3898,1,0,0,0,0,0,0,0,0,15642,1,0,1,9570,1,4087,1,15642,1,9570,1,48,1,0,0,0,0,0,0,0,1,5459,1,4111,1
6,5328300,4079,9570,35.93085,1240,0,8,8,96,37664,1412,2004,5290636,16,149,180,1,31781,1,60,1,1959709,1,338372,1,85575,1,2864037,1,10921,1,278617,1,12364,4,503551,4,79433,4,652859,4,1291044,8,1941899,96,0,0,4188,1,25319,1,3527,1,3707,1,1403,2,6613,1,309908,1,16281,1,3757,1,0,0,0,0,0,0,0,0,15666,1,0,1,9570,1,4079,1,15666,1,9570,1,48,1,0,0,0,0,0,0,0,1,5474,1,4096,1
7,5299100,4073,9570,35.910072,1240,0,8,8,96,35526,1272,4239,5263574,16,149,180,1,30960,1,30,1,1950321,1,327582,1,84583,1,2856753,1,13165,1,281793,1,11602,4,516596,4,79113,4,694614,4,1229871,8,1920247,96,0,0,3577,1,23465,1,3176,1,4429,1,1373,2,5871,1,296752,1,17414,1,3918,1,0,0,0,0,0,0,0,0,15684,1,0,1,9570,1,4073,1,15684,1,9570,1,48,1,0,0,0,0,0,0,0,1,5484,1,4086,1
8,5167700,4066,9570,35.88657,1240,0,8,8,96,31978,1193,2305,5135722,16,149,40,1,27503,1,40,1,1942576,1,336228,1,83641,1,2732659,1,13035,1,278657,1,11262,4,479925,4,78241,4,643741,4,1200695,8,1842132,96,0,0,2936,1,22744,1,2845,1,3737,1,1373,2,5310,1,306561,1,16462,1,4739,1,0,0,0,0,0,0,0,0,15684,1,0,1,9570,1,4066,1,15684,1,9570,1,48,1,0,0,0,0,0,0,0,1,5493,1,4077,1
9,5262700,4061,9570,35.86034,1240,0,8,8,96,33457,1453,2595,5229243,16,149,90,1,27443,1,40,1,1935943,1,349965,1,82529,1,2819957,1,13276,1,277124,1,12244,4,481408,4,78612,4,685251,4,1241474,8,1924130,96,0,0,2715,1,26541,1,2905,1,3737,1,1383,2,5110,1,321580,1,16963,1,3777,1,0,0,0,0,0,0,0,0,15705,1,0,1,9570,1,4061,1,15705,1,9570,1,48,1,0,0,0,0,0,0,0,1,5502,1,4068,1
10,5251600,4053,9570,35.831387,1240,0,8,8,96,32377,1213,2455,5219223,16,149,210,1,27433,1,30,1,1946042,1,335998,1,86637,1,2809838,1,13035,1,287023,1,11512,4,480306,4,78932,4,657628,4,1254950,8,1910123,96,0,0,2845,1,21852,1,2835,1,4038,1,1393,2,5310,1,306912,1,17233,1,3587,1,0,0,0,0,0,0,0,0,15690,1,0,1,9570,1,4053,1,15690,1,9570,1,48,1,0,0,0,0,0,0,0,1,5506,1,4064,1
11,5199900,4054,9570,35.79971,1240,0,8,8,96,30673,1192,2275,5169227,16,149,20,1,27643,1,60,1,1947806,1,321029,1,85525,1,2773969,1,13175,1,276884,1,11452,4,482961,4,78541,4,654101,4,1231515,8,1883340,96,0,0,2635,1,21471,1,2825,1,3757,1,1423,2,5210,1,292284,1,16702,1,3847,1,0,0,0,0,0,0,0,0,15715,1,0,1,9570,1,4054,1,15715,1,9570,1,48,1,0,0,0,0,0,0,0,1,5510,1,4060,1
12,5182900,4056,9570,35.765305,1240,0,8,8,96,30636,1303,2355,5152264,16,149,60,1,27583,1,60,1,1947605,1,347720,1,81848,1,2734152,1,13236,1,275080,1,11202,4,484705,4,78892,4,639723,4,1205194,8,1842562,96,0,0,2926,1,21752,1,2845,1,3727,1,1393,2,5410,1,318584,1,17724,1,3647,1,0,0,0,0,0,0,0,0,15716,1,0,1,9570,1,4056,1,15716,1,9570,1,48,1,0,0,0,0,0,0,0,1,5509,1,4061,1
13,5173700,4055,9570,35.728176,1240,0,8,8,96,31305,1122,2185,5142395,16,149,60,1,27162,1,80,1,1945461,1,342741,1,82479,1,2731196,1,13215,1,288687,1,11592,4,483743,4,78471,4,624454,4,1205815,8,1828085,96,0,0,2575,1,21772,1,2835,1,3677,1,1373,2,5080,1,312873,1,17243,1,3647,1,0,0,0,0,0,0,0,0,15731,1,0,1,9570,1,4055,1,15731,1,9570,1,48,1,0,0,0,0,0,0,0,1,5510,1,4060,1
14,5243600,4060,9570,35.688324,1240,0,8,8,96,31260,1122,2445,5212340,16,149,50,1,27573,1,30,1,1946483,1,331549,1,81487,1,2812052,1,13115,1,276253,1,11492,4,482170,4,78551,4,657808,4,1267183,8,1922547,96,0,0,2625,1,21772,1,2866,1,3677,1,1433,2,5100,1,303525,1,16041,1,3647,1,0,0,0,0,0,0,0,0,15731,1,0,1,9570,1,4060,1,15731,1,9570,1,48,1,0,0,0,0,0,0,0,1,5509,1,4061,1
15,5248400,4057,9570,35.64575,1240,0,8,8,96,31351,1142,2305,5217049,16,149,110,1,27433,1,70,1,1942536,1,325848,1,81377,1,2826490,1,13185,1,274299,1,11963,4,486919,4,81888,4,670573,4,1262043,8,1930311,96,0,0,2735,1,21872,1,2845,1,3727,1,1343,2,5140,1,298776,1,15901,1,3707,1,0,0,0,0,0,0,0,0,15734,1,0,1,9570,1,4057,1,15734,1,9570,1,48,1,0,0,0,0,0,0,0,1,5508,1,4062,1
16,5207300,4055,9570,35.600445,1240,0,8,8,96,31691,1152,2144,5175609,16,149,60,1,27503,1,60,1,1954729,1,338172,1,81677,1,2760282,1,13125,1,275271,1,11652,4,482470,4,79143,4,661495,4,1210935,8,1870286,96,0,0,2946,1,21852,1,2845,1,3697,1,1393,2,5430,1,308655,1,16462,1,4519,1,0,0,0,0,0,0,0,0,15727,1,0,1,9570,1,4055,1,15727,1,9570,1,48,1,0,0,0,0,0,0,0,1,5511,1,4059,1
17,5188600,4051,9570,35.552414,1240,0,8,8,96,32248,1202,2154,5156352,16,149,10,1,27733,1,50,1,1957635,1,351518,1,82279,1,2723902,1,13226,1,275641,1,11442,4,484003,4,79072,4,628201,4,1206947,8,1832994,96,0,0,2565,1,21812,1,2815,1,3717,1,1403,2,5080,1,322933,1,16352,1,3617,1,0,0,0,0,0,0,0,0,15724,1,0,1,9570,1,4051,1,15724,1,9570,1,48,1,0,0,0,0,0,0,0,1,5511,1,4059,1
18,5395900,4049,9570,35.501663,1240,0,8,8,96,32624,1252,2465,5363276,16,149,40,1,27894,1,70,1,1955851,1,340927,1,81918,1,2943250,1,13326,1,276012,1,11612,4,498030,4,79303,4,696177,4,1338761,8,2032474,96,0,0,3918,1,23676,1,3336,1,3707,1,1293,2,6172,1,313104,1,16372,1,3767,1,0,0,0,0,0,0,0,0,15728,1,0,1,9570,1,4049,1,15728,1,9570,1,48,1,0,0,0,0,0,0,0,1,5517,1,4053,1
19,5215100,4050,9570,35.448185,1240,0,8,8,96,31666,1152,2045,5183434,16,149,30,1,31501,1,80,1,1958717,1,319957,1,82369,1,2777606,1,13175,1,279459,1,11542,4,483813,4,79443,4,658971,4,1225763,8,1882689,96,0,0,2605,1,21752,1,2896,1,3727,1,1292,2,5190,1,290680,1,16913,1,3537,1,0,0,0,0,0,0,0,0,15736,1,0,1,9570,1,4050,1,15736,1,9570,1,48,1,0,0,0,0,0,0,0,1,5519,1,4051,1
20,6328900,4829,9570,35.391983,1240,0,14,12,144,41913,1483,5311,6286987,16,221,160,1,31140,1,70,1,1967263,1,427799,1,143236,1,3706727,1,10590,1,421272,1,12745,4,611539,4,78942,4,847494,4,1689728,8,2414686,144,117226,24,3507,1,25499,1,2825,1,4749,1,1513,2,5430,1,373916,1,31511,1,10971,1,0,0,0,0,0,0,0,0,18718,1,144,1,9570,1,4829,1,18862,1,9570,1,48,1,0,0,0,0,0,0,0,1,4736,1,4834,1
21,5971900,4715,9570,35.333054,1240,0,13,11,132,34903,1242,4780,5936997,16,209,30,1,30890,1,80,1,1947976,1,442914,1,106085,1,3395737,1,13286,1,340837,1,11622,4,543889,4,81347,4,797418,4,1576009,8,2283231,132,85415,24,3316,1,26752,1,2845,1,3717,1,1343,2,5400,1,406554,1,19417,1,7004,1,0,0,0,0,0,0,0,0,17266,1,101,1,9570,1,4715,1,17367,1,9570,1,48,1,0,0,0,0,0,0,0,1,4361,1,5209,1
22,5856400,4565,9570,35.2714,1240,0,13,10,120,32240,1143,5371,5824160,16,209,20,1,26952,1,30,1,1950140,1,432514,1,102478,1,3298761,1,13266,1,328944,1,11472,4,527718,4,79072,4,791346,4,1517276,8,2123484,120,179767,36,3186,1,25369,1,2845,1,3707,1,1322,2,5360,1,396745,1,19027,1,5901,1,0,0,0,0,0,0,0,0,16624,1,220,1,9570,1,4565,1,16844,1,9570,1,48,1,0,0,0,0,0,0,0,1,4678,1,4892,1
23,5702400,4496,9570,35.207024,1240,0,13,10,120,32157,1243,5040,5670243,16,209,20,1,26892,1,60,1,1951563,1,412395,1,98360,1,3167738,1,13215,1,312072,1,11312,4,519151,4,79102,4,746219,4,1457981,8,2037308,120,161852,36,2906,1,24708,1,2866,1,3717,1,1413,2,5050,1,377147,1,17925,1,5160,1,0,0,0,0,0,0,0,0,16445,1,200,1,9570,1,4496,1,16645,1,9570,1,48,1,0,0,0,0,0,0,0,1,4859,1,4711,1
24,5596800,4419,9570,35.13992,1240,0,12,10,120,32721,1232,5381,5564079,16,197,0,1,27172,1,110,1,1956573,1,416042,1,97428,1,3053508,1,13246,1,302734,1,11492,4,510454,4,78792,4,716682,4,1392214,8,2031036,120,72480,24,2805,1,24046,1,2866,1,3827,1,1303,2,5060,1,381626,1,17915,1,5100,1,0,0,0,0,0,0,0,0,16356,1,88,1,9570,1,4419,1,16444,1,9570,1,48,1,0,0,0,0,0,0,0,1,4975,1,4595,1
25,5711000,4390,9570,35.07009,1240,0,12,9,108,30908,1262,4930,5680092,16,197,20,1,26922,1,120,1,1955470,1,376696,1,95785,1,3211823,1,13256,1,300509,1,11412,4,507288,4,79163,4,782930,4,1489362,8,2030284,108,237077,36,2906,1,23926,1,2856,1,3667,1,1292,2,5250,1,343382,1,17514,1,4569,1,0,0,0,0,0,0,0,0,16055,1,291,1,9570,1,4390,1,16346,1,9570,1,48,1,0,0,0,0,0,0,0,1,5061,1,4509,1
26,5733600,4353,9570,34.997536,1240,0,12,9,108,32227,1262,4920,5701373,16,197,20,1,27192,1,50,1,1955380,1,387467,1,95935,1,3222113,1,13215,1,297924,1,11532,4,505144,4,79644,4,768842,4,1518999,8,2092935,108,189986,36,2795,1,22854,1,2946,1,3797,1,1333,2,5040,1,353351,1,18566,1,5671,1,0,0,0,0,0,0,0,0,16062,1,229,1,9570,1,4353,1,16291,1,9570,1,48,1,0,0,0,0,0,0,0,1,5113,1,4457,1
27,5584300,4336,9570,34.92226,1240,0,12,9,108,31553,1112,5050,5552747,16,197,60,1,27062,1,60,1,1958035,1,388599,1,95564,1,3070110,1,13256,1,294227,1,11582,4,504012,4,79032,4,722433,4,1418385,8,1969628,108,166140,36,2825,1,23616,1,2866,1,3687,1,1353,2,4980,1,355155,1,18115,1,4459,1,0,0,0,0,0,0,0,0,16019,1,201,1,9570,1,4336,1,16220,1,9570,1,48,1,0,0,0,0,0,0,0,1,5148,1,4422,1
28,6289500,4982,9570,34.844257,1240,0,14,11,132,30993,1252,5411,6258507,16,221,70,1,27303,1,110,1,1958316,1,416223,1,119981,1,3723249,1,13256,1,351999,1,11592,4,585038,4,78672,4,903712,4,1747630,8,2327317,132,318614,36,3196,1,26691,1,2866,1,3767,1,1333,2,5501,1,372067,1,22734,1,9188,1,0,0,0,0,0,0,0,0,18465,1,392,1,9570,1,4982,1,18857,1,9570,1,48,1,0,0,0,0,0,0,0,1,4511,1,5059,1
29,5909800,4783,9570,34.763527,1240,0,14,11,132,31446,1282,5471,5878354,16,221,70,1,26842,1,30,1,1957334,1,437854,1,112307,1,3330702,1,13215,1,339805,1,11512,4,546834,4,78982,4,777319,4,1532445,8,2189381,132,114912,36,3316,1,25619,1,2785,1,3847,1,1383,2,5571,1,401204,1,18926,1,5621,1,0,0,0,0,0,0,0,0,17239,1,139,1,9570,1,4783,1,17378,1,9570,1,48,1,0,0,0,0,0,0,0,1,4166,1,5404,1
30,5809700,4670,9570,34.680073,1240,0,13,11,132,31940,1302,5501,5777760,16,209,50,1,26832,1,50,1,1958446,1,440469,1,109471,1,3229196,1,13246,1,328604,1,11893,4,534260,4,79183,4,748243,4,1483681,8,2119145,132,107277,24,3016,1,25740,1,2896,1,3697,1,1363,2,5320,1,402616,1,18736,1,5671,1,0,0,0,0,0,0,0,0,16931,1,131,1,9570,1,4670,1,17062,1,9570,1,48,1,0,0,0,0,0,0,0,1,4483,1,5087,1
31,5781900,4639,9570,34.593895,1240,0,13,11,132,32264,1252,5331,5749636,16,209,50,1,26822,1,60,1,1958927,1,445900,1,108118,1,3196523,1,13236,1,322271,1,12083,4,526716,4,79032,4,756418,4,1457029,8,2120197,132,87920,24,2996,1,25519,1,2916,1,3747,1,1383,2,5160,1,409129,1,17854,1,5380,1,0,0,0,0,0,0,0,0,16699,1,106,1,9570,1,4639,1,16805,1,9570,1,48,1,0,0,0,0,0,0,0,1,4722,1,4848,1
32,5722600,4573,9570,34.504993,1240,0,13,11,132,38941,1393,6192,5683659,16,209,70,1,30679,1,50,1,1965179,1,409279,1,106586,1,3161235,1,10580,1,312893,1,11863,4,519482,4,79323,4,765406,4,1429436,8,2081273,132,107377,24,3306,1,24758,1,2856,1,3767,1,1373,2,5380,1,368811,1,17925,1,4799,1,0,0,0,0,0,0,0,0,16368,1,130,1,9570,1,4573,1,16498,1,9570,1,48,1,0,0,0,0,0,0,0,1,4818,1,4752,1
33,5758300,4491,9570,34.413364,1240,0,13,11,132,33847,1483,5401,5724453,16,209,150,1,30769,1,50,1,1949499,1,413247,1,104552,1,3213121,1,13065,1,308555,1,12063,4,554830,4,80475,4,747381,4,1466653,8,2114502,132,94131,24,3196,1,25008,1,2845,1,3827,1,1353,2,5451,1,374572,1,19327,1,5501,1,0,0,0,0,0,0,0,0,16106,1,116,1,9570,1,4491,1,16222,1,9570,1,48,1,0,0,0,0,0,0,0,1,4921,1,4649,1
34,6355600,5031,9570,34.31901,1240,0,14,11,132,32548,1193,5211,6323052,16,221,60,1,26932,1,40,1,1949028,1,459656,1,125452,1,3748578,1,13306,1,343352,1,11723,4,576041,4,78261,4,898973,4,1793308,8,2366562,132,320508,36,3427,1,28896,1,2895,1,3797,1,1363,2,5350,1,418507,1,19568,1,9358,1,0,0,0,0,0,0,0,0,17973,1,388,1,9570,1,5031,1,18361,1,9570,1,48,1,0,0,0,0,0,0,0,1,4411,1,5159,1
35,5977300,4806,9570,34.221935,1240,0,14,11,132,30955,1273,5661,5946345,16,221,100,1,26361,1,110,1,1949850,1,515674,1,116294,1,3324701,1,13256,1,352399,1,11993,4,533398,4,79072,4,811294,4,1489442,8,2197267,132,97809,36,3126,1,29136,1,2905,1,3757,1,1393,2,5511,1,476228,1,19417,1,6973,1,0,0,0,0,0,0,0,0,16833,1,118,1,9570,1,4806,1,16951,1,9570,1,48,1,0,0,0,0,0,0,0,1,4151,1,5419,1
36,5839200,4646,9570,34.12213,1240,0,14,11,132,31151,1222,5812,5808049,16,221,60,1,26772,1,40,1,1958606,1,445058,1,113188,1,3251119,1,13205,1,334435,1,11763,4,515043,4,79443,4,793229,4,1472690,8,2155696,132,104411,36,3246,1,26401,1,2906,1,3797,1,1363,2,5581,1,404811,1,19768,1,6663,1,0,0,0,0,0,0,0,0,16171,1,126,1,9570,1,4646,1,16297,1,9570,1,48,1,0,0,0,0,0,0,0,1,4397,1,5173,1
37,5863500,4535,9570,34.019604,1240,0,13,10,120,31405,1273,5301,5832095,16,209,40,1,26732,1,60,1,1944720,1,453474,1,109972,1,3283832,1,13266,1,323003,1,12113,4,497359,4,79573,4,800353,4,1527425,8,2055773,120,266704,36,3016,1,26371,1,2835,1,3657,1,1392,2,5461,1,413327,1,18005,1,6362,1,0,0,0,0,0,0,0,0,15408,1,325,1,9570,1,4535,1,15733,1,9570,1,48,1,0,0,0,0,0,0,0,1,4643,1,4927,1
38,5775100,4502,9570,33.91435,1240,0,13,11,132,31926,1182,5732,5743174,16,209,10,1,27042,1,70,1,1964808,1,456069,1,110834,1,3171054,1,13286,1,318254,1,12474,4,496056,4,79894,4,757270,4,1464073,8,2129786,132,85825,24,3026,1,25479,1,2866,1,3737,1,1383,2,5360,1,414980,1,18225,1,6663,1,0,0,0,0,0,0,0,0,15473,1,104,1,9570,1,4502,1,15577,1,9570,1,48,1,0,0,0,0,0,0,0,1,4816,1,4754,1
39,6096900,4984,9570,33.806374,1240,0,14,12,144,31555,1252,5641,6065345,16,221,20,1,27092,1,70,1,1956603,1,478843,1,126294,1,3463107,1,13316,1,352209,1,12003,4,555882,4,79353,4,812787,4,1604654,8,2305936,144,105864,24,3346,1,28385,1,2876,1,3677,1,1373,2,5310,1,434127,1,20009,1,10140,1,0,0,0,0,0,0,0,0,17363,1,128,1,9570,1,4984,1,17491,1,9570,1,48,1,0,0,0,0,0,0,0,1,4403,1,5167,1
40,6272100,5009,9570,33.69567,1240,0,15,11,132,40404,1333,6112,6231696,16,228,170,1,32112,1,70,1,1976200,1,501747,1,145330,1,3562840,1,13226,1,385684,1,12424,4,559158,4,79313,4,845120,4,1635243,8,2262843,132,211408,48,3226,1,27884,1,2795,1,3877,1,1423,2,5360,1,447914,1,22684,1,13005,1,0,0,0,0,0,0,0,0,17089,1,251,1,9570,1,5009,1,17340,1,9570,1,48,1,0,0,0,0,0,0,0,1,3894,1,5676,1
41,6049700,4852,9570,33.58224,1240,0,14,11,132,32508,1212,5761,6017192,16,221,70,1,26651,1,80,1,1955501,1,498641,1,121354,1,3401689,1,13205,1,352389,1,12093,4,532046,4,79463,4,831804,4,1547925,8,2216143,132,157824,36,3126,1,28134,1,2835,1,4018,1,1333,2,5310,1,455909,1,19588,1,7855,1,0,0,0,0,0,0,0,0,16401,1,190,1,9570,1,4852,1,16591,1,9570,1,48,1,0,0,0,0,0,0,0,1,4157,1,5413,1
42,5863400,4753,9570,33.466087,1240,0,14,11,132,32036,1203,5441,5831364,16,221,90,1,26902,1,30,1,1965840,1,450138,1,118408,1,3256659,1,13296,1,335176,1,12093,4,515694,4,79693,4,785154,4,1483731,8,2134755,132,128688,36,3096,1,27563,1,2906,1,3647,1,1383,2,5320,1,409339,1,18606,1,6843,1,0,0,0,0,0,0,0,0,15808,1,154,1,9570,1,4753,1,15962,1,9570,1,48,1,0,0,0,0,0,0,0,1,4473,1,5097,1
43,5937000,4728,9570,33.34721,1240,0,14,11,132,33808,1242,5561,5903192,16,221,20,1,27052,1,10,1,1961753,1,480727,1,120102,1,3300233,1,13296,1,335908,1,12183,4,508480,4,80054,4,808409,4,1509921,8,2159253,132,153516,36,3066,1,27523,1,2886,1,3777,1,1373,2,5410,1,434578,1,21291,1,7755,1,0,0,0,0,0,0,0,0,15589,1,185,1,9570,1,4728,1,15774,1,9570,1,48,1,0,0,0,0,0,0,0,1,4581,1,4989,1
44,6199500,4996,9570,33.22561,1240,0,14,11,132,32870,1262,5151,6166630,16,221,20,1,27062,1,60,1,1965239,1,475757,1,127796,1,3557369,1,13326,1,354383,1,12093,4,543989,4,79694,4,874877,4,1646184,8,2285295,132,230615,36,3196,1,28415,1,2835,1,3797,1,1343,2,5300,1,429398,1,20359,1,10771,1,0,0,0,0,0,0,0,0,16516,1,272,1,9570,1,4996,1,16788,1,9570,1,48,1,0,0,0,0,0,0,0,1,4231,1,5339,1
45,6187900,5112,9570,33.10128,1240,0,14,12,144,31720,1153,5662,6156180,16,221,20,1,26922,1,30,1,1971030,1,502699,1,132816,1,3509467,1,13195,1,386475,1,12093,4,561783,4,78932,4,816815,4,1604694,8,2308160,144,107688,24,3316,1,30799,1,2866,1,3747,1,1353,2,5440,1,455097,1,20249,1,11091,1,0,0,0,0,0,0,0,0,17219,1,129,1,9570,1,5112,1,17348,1,9570,1,48,1,0,0,0,0,0,0,0,1,3908,1,5662,1
46,6113700,4923,9570,32.974224,1240,0,14,11,132,31212,1222,5430,6082488,16,221,30,1,26762,1,60,1,1965169,1,495115,1,126694,1,3455372,1,13286,1,355546,1,11632,4,529421,4,79353,4,820753,4,1611477,8,2170736,132,256064,36,3206,1,29146,1,2866,1,3898,1,1463,2,5390,1,451481,1,20399,1,8376,1,0,0,0,0,0,0,0,0,15971,1,307,1,9570,1,4923,1,16278,1,9570,1,48,1,0,0,0,0,0,0,0,1,4030,1,5540,1
47,5888500,4760,9570,32.844448,1240,0,14,11,132,32238,1223,5682,5856262,16,221,30,1,26661,1,50,1,1960069,1,475537,1,122957,1,3257551,1,13406,1,337481,1,11853,4,503130,4,78852,4,769604,4,1512116,8,2082154,132,193884,36,3086,1,27052,1,2825,1,3687,1,1362,2,5280,1,432364,1,18656,1,8076,1,0,0,0,0,0,0,0,0,15212,1,234,1,9570,1,4760,1,15446,1,9570,1,48,1,0,0,0,0,0,0,0,1,4331,1,5239,1
48,6428800,5001,9570,32.711945,1240,0,14,12,144,37376,1613,6823,6391424,16,221,130,1,27132,1,40,1,2081158,1,494398,1,156622,1,3618377,1,13566,1,502389,1,14037,4,541614,4,79874,4,814360,4,1603542,8,2265949,144,145130,24,3517,1,43173,1,3066,1,4288,1,1423,2,5481,1,426106,1,33124,1,11673,1,0,0,0,0,0,0,0,0,16273,1,176,1,9570,1,5001,1,16449,1,9570,1,48,1,0,0,0,0,0,0,0,1,4180,1,5390,1
49,6347000,5139,9570,32.576717,1240,0,14,12,144,32996,1312,5791,6314004,16,221,170,1,27192,1,140,1,1967894,1,538268,1,136263,1,3630350,1,13726,1,452152,1,12234,4,555732,4,79553,4,840370,4,1628801,8,2327508,144,135872,24,3407,1,42732,1,2896,1,4308,1,1363,2,5491,1,487901,1,20810,1,13646,1,0,0,0,0,0,0,0,0,16761,1,162,1,9570,1,5139,1,16923,1,9570,1,48,1,0,0,0,0,0,0,0,1,3710,1,5860,1
50,6178100,4996,9570,32.438763,1240,0,14,12,144,33407,1272,6022,6144693,16,221,20,1,26962,1,30,1,1959989,1,499353,1,129410,1,3515393,1,13536,1,377929,1,12795,4,589366,4,80175,4,851898,4,1550059,8,2331801,144,64134,24,3407,1,34717,1,2876,1,3958,1,1483,2,5461,1,452833,1,20079,1,9037,1,0,0,0,0,0,0,0,0,16396,1,76,1,9570,1,4996,1,16472,1,9570,1,48,1,0,0,0,0,0,0,0,1,4031,1,5539,1
51,6070700,4871,9570,32.298084,1240,0,13,11,132,31676,1162,5451,6039024,16,209,110,1,31481,1,50,1,1961011,1,518570,1,126504,1,3388043,1,13256,1,351317,1,11652,4,523730,4,79373,4,807096,4,1566200,8,2193570,132,174276,24,3306,1,30539,1,2886,1,4018,1,1373,2,5390,1,475667,1,19628,1,7755,1,0,0,0,0,0,0,0,0,15840,1,210,1,9570,1,4871,1,16050,1,9570,1,48,1,0,0,0,0,0,0,0,1,4306,1,5264,1
52,6296700,5093,9570,32.154682,1240,0,14,11,132,30919,1242,4960,6265781,16,221,30,1,27032,1,50,1,1962855,1,493872,1,134640,1,3634107,1,13195,1,363150,1,11963,4,554489,4,79263,4,893062,4,1684408,8,2336525,132,235985,36,3427,1,29507,1,2825,1,4008,1,1373,2,5390,1,448324,1,20039,1,9869,1,0,0,0,0,0,0,0,0,16703,1,282,1,9570,1,5093,1,16985,1,9570,1,48,1,0,0,0,0,0,0,0,1,4229,1,5341,1
53,6189500,4972,9570,32.008553,1240,0,13,11,132,33821,1313,5421,6155679,16,209,10,1,26641,1,40,1,1963606,1,495676,1,130732,1,3525468,1,13506,1,383479,1,12574,4,544069,4,80886,4,845490,4,1604504,8,2270347,132,174226,24,3196,1,36240,1,2896,1,3837,1,1353,2,5631,1,445279,1,23766,1,9919,1,0,0,0,0,0,0,0,0,16437,1,208,1,9570,1,4972,1,16645,1,9570,1,48,1,0,0,0,0,0,0,0,1,4032,1,5538,1
54,5906400,4792,9570,31.8597,1240,0,13,11,132,31051,1112,5281,5875349,16,209,40,1,26942,1,30,1,1970269,1,490055,1,126454,1,3248213,1,13346,1,355876,1,12133,4,518680,4,79163,4,756759,4,1479713,8,2146298,132,84894,24,3086,1,28114,1,2845,1,3898,1,1342,2,5491,1,445589,1,20389,1,8617,1,0,0,0,0,0,0,0,0,15830,1,102,1,9570,1,4792,1,15932,1,9570,1,48,1,0,0,0,0,0,0,0,1,4242,1,5328,1
55,6008700,4796,9570,31.70812,1240,0,13,10,120,33158,1233,4830,5975542,16,209,90,1,26832,1,120,1,1966101,1,466179,1,125612,1,3377272,1,13336,1,338352,1,12344,4,515123,4,79573,4,809661,4,1573193,8,2122933,120,255092,36,3106,1,31421,1,2905,1,3757,1,1373,2,5230,1,420721,1,18325,1,9889,1,0,0,0,0,0,0,0,0,15396,1,306,1,9570,1,4796,1,15702,1,9570,1,48,1,0,0,0,0,0,0,0,1,4369,1,5201,1
56,6121400,4911,9570,31.553818,1240,0,13,10,120,31047,1212,4830,6090353,16,209,10,1,27062,1,70,1,1964488,1,492590,1,127426,1,3465392,1,13316,1,355986,1,11913,4,532867,4,79764,4,823378,4,1615395,8,2165254,120,268688,36,3196,1,28034,1,2835,1,3767,1,1333,2,5711,1,442353,1,20309,1,13005,1,0,0,0,0,0,0,0,0,15945,1,319,1,9570,1,4911,1,16264,1,9570,1,48,1,0,0,0,0,0,0,0,1,4185,1,5385,1
57,5944600,4780,9570,31.39679,1240,0,14,10,120,30918,1323,5230,5913682,16,221,30,1,26842,1,70,1,1953206,1,494954,1,123969,1,3301416,1,13195,1,338803,1,11933,4,518931,4,79453,4,779563,4,1526583,8,2131560,120,169357,48,3126,1,28094,1,2896,1,3747,1,1333,2,5631,1,450288,1,18746,1,9238,1,0,0,0,0,0,0,0,0,15714,1,201,1,9570,1,4780,1,15915,1,9570,1,48,1,0,0,0,0,0,0,0,1,4405,1,5165,1
58,5905800,4734,9570,31.237036,1240,0,13,10,120,32626,1353,4660,5873174,16,209,30,1,26872,1,30,1,1969187,1,488051,1,121825,1,3253864,1,13316,1,330247,1,12244,4,515544,4,79774,4,765035,4,1505302,8,2147169,120,118509,36,3096,1,27373,1,2825,1,3837,1,1383,2,5851,1,444176,1,19127,1,8757,1,0,0,0,0,0,0,0,0,15644,1,141,1,9570,1,4734,1,15785,1,9570,1,48,1,0,0,0,0,0,0,0,1,4548,1,5022,1
59,5904900,4748,9570,31.074558,1240,0,13,10,120,31846,1192,5301,5873054,16,209,30,1,26992,1,90,1,1965129,1,483602,1,123438,1,3260507,1,13266,1,342811,1,12234,4,522798,4,80034,4,760186,4,1496455,8,2166968,120,84373,36,3046,1,27854,1,2906,1,3998,1,1333,2,5661,1,437834,1,19187,1,11462,1,0,0,0,0,0,0,0,0,15913,1,100,1,9570,1,4748,1,16013,1,9570,1,48,1,0,0,0,0,0,0,0,1,4439,1,5131,1
60,5867000,4704,9570,30.909355,1240,0,12,10,120,31128,1193,4760,5835872,16,197,20,1,27092,1,20,1,1959368,1,472822,1,120993,1,3241951,1,13606,1,329886,1,12103,4,519171,4,79754,4,756699,4,1499401,8,2181726,120,69614,24,3016,1,26832,1,2985,1,3998,1,1343,2,5571,1,429709,1,19608,1,8787,1,0,0,0,0,0,0,0,0,15920,1,82,1,9570,1,4704,1,16002,1,9570,1,48,1,0,0,0,0,0,0,0,1,4617,1,4953,1
61,5847200,4678,9570,30.741426,1240,0,12,10,120,31106,1202,4760,5816094,16,197,20,1,26882,1,40,1,1963516,1,450589,1,120362,1,3241410,1,13276,1,323734,1,11933,4,516686,4,80205,4,784182,4,1480354,8,2191064,120,68712,24,3016,1,26681,1,2856,1,3747,1,1363,2,5451,1,407586,1,19798,1,8446,1,0,0,0,0,0,0,0,0,15884,1,81,1,9570,1,4678,1,15965,1,9570,1,48,1,0,0,0,0,0,0,0,1,4673,1,4897,1
62,5867200,4666,9570,30.570772,1240,0,12,10,120,31538,1242,5040,5835662,16,197,30,1,27253,1,20,1,1966622,1,458113,1,120242,1,3250127,1,13256,1,328624,1,12013,4,518279,4,80135,4,788701,4,1477048,8,2197597,120,63112,24,3306,1,26291,1,2876,1,4429,1,1343,2,5841,1,416223,1,18666,1,10500,1,0,0,0,0,0,0,0,0,15772,1,75,1,9570,1,4666,1,15847,1,9570,1,48,1,0,0,0,0,0,0,0,1,4636,1,4934,1
63,5969200,4609,9570,30.397394,1240,0,11,9,108,32764,1243,4689,5936436,16,185,30,1,27403,1,30,1,1961212,1,460518,1,117897,1,3356091,1,13256,1,320448,1,12103,4,514272,4,79854,4,818488,4,1566010,8,2168040,108,211768,24,3126,1,26752,1,2965,1,3737,1,1403,2,5691,1,420401,1,19017,1,8336,1,0,0,0,0,0,0,0,0,15605,1,248,1,9570,1,4609,1,15853,1,9570,1,48,1,0,0,0,0,0,0,0,1,4745,1,4825,1
64,5955000,4623,9570,30.22129,1240,0,12,9,108,33142,1072,4328,5921858,16,197,10,1,26752,1,40,1,1958306,1,465357,1,118989,1,3339158,1,13246,1,321710,1,11963,4,515223,4,79804,4,813408,4,1551692,8,2156628,108,204144,36,3166,1,27383,1,2865,1,3827,1,1333,2,5711,1,424859,1,19057,1,7815,1,0,0,0,0,0,0,0,0,15755,1,241,1,9570,1,4623,1,15996,1,9570,1,48,1,0,0,0,0,0,0,0,1,4799,1,4771,1
65,5938300,4625,9570,30.042463,1240,0,12,9,108,31861,1192,4819,5906439,16,197,10,1,27222,1,60,1,1966622,1,454687,1,118749,1,3325823,1,13266,1,322512,1,11863,4,517247,4,79483,4,810272,4,1539388,8,2162740,108,182101,36,3076,1,27333,1,2856,1,3777,1,1313,2,5511,1,414399,1,18526,1,8577,1,0,0,0,0,0,0,0,0,15812,1,212,1,9570,1,4625,1,16024,1,9570,1,48,1,0,0,0,0,0,0,0,1,4787,1,4783,1
66,5860600,4579,9570,29.860909,1240,0,12,9,108,32322,1202,4238,5828278,16,197,20,1,27062,1,10,1,1968716,1,465848,1,118909,1,3234497,1,13215,1,314837,1,12053,4,517838,4,79603,4,777369,4,1487348,8,2127863,108,132616,36,3066,1,27473,1,2886,1,3687,1,1323,2,5811,1,427454,1,17584,1,7785,1,0,0,0,0,0,0,0,0,15822,1,154,1,9570,1,4579,1,15976,1,9570,1,48,1,0,0,0,0,0,0,0,1,4851,1,4719,1
67,5883900,4610,9570,29.67663,1240,0,12,9,108,32277,1202,4119,5851623,16,197,30,1,27082,1,40,1,1968075,1,465848,1,119971,1,3257321,1,13256,1,320708,1,12454,4,519532,4,79894,4,780305,4,1500032,8,2152420,108,123799,36,3387,1,26160,1,2906,1,3717,1,1363,2,5661,1,426663,1,18886,1,7224,1,0,0,0,0,0,0,0,0,15966,1,146,1,9570,1,4610,1,16112,1,9570,1,48,1,0,0,0,0,0,0,0,1,4866,1,4704,1
68,5792800,4550,9570,29.489626,1240,0,11,9,108,31942,1282,4068,5760858,16,185,20,1,27503,1,60,1,1965850,1,443665,1,118198,1,3192175,1,13386,1,314236,1,12404,4,514672,4,79533,4,742452,4,1485073,8,2149093,108,74363,24,2906,1,25760,1,2876,1,3968,1,1393,2,5621,1,404680,1,18355,1,8506,1,0,0,0,0,0,0,0,0,15946,1,82,1,9570,1,4550,1,16028,1,9570,1,48,1,0,0,0,0,0,0,0,1,4894,1,4676,1
69,5716000,4524,9570,29.299898,1240,0,11,9,108,31970,1122,4029,5684030,16,185,120,1,28415,1,90,1,1970119,1,446100,1,115473,1,3110407,1,13306,1,309096,1,12424,4,513500,4,79513,4,746439,4,1405620,8,2097323,108,50708,24,3086,1,25870,1,2886,1,3777,1,1323,2,5751,1,409950,1,18235,1,7144,1,0,0,0,0,0,0,0,0,15963,1,58,1,9570,1,4524,1,16021,1,9570,1,48,1,0,0,0,0,0,0,0,1,4957,1,4613,1
70,5742600,4535,9570,29.107445,1240,0,11,9,108,41648,1262,5381,5700952,16,185,180,1,31581,1,80,1,1973014,1,468964,1,115262,1,3098615,1,13256,1,313084,1,12214,4,519542,4,79052,4,725268,4,1403436,8,2064520,108,58803,24,3016,1,27623,1,2926,1,4188,1,1383,2,5621,1,427053,1,21722,1,6643,1,0,0,0,0,0,0,0,0,16066,1,69,1,9570,1,4535,1,16135,1,9570,1,48,1,0,0,0,0,0,0,0,1,4978,1,4592,1
71,5778200,4528,9570,28.912266,1240,0,11,9,108,30588,1303,4599,5747612,16,185,40,1,31401,1,40,1,1955320,1,418928,1,113238,1,3215420,1,13226,1,309437,1,12284,4,519432,4,79704,4,761248,4,1489041,8,2204039,108,41650,24,2976,1,25529,1,2876,1,4439,1,1403,2,5751,1,382718,1,18416,1,6332,1,0,0,0,0,0,0,0,0,16175,1,47,1,9570,1,4528,1,16222,1,9570,1,48,1,0,0,0,0,0,0,0,1,4978,1,4592,1
72,5747600,4533,9570,28.714361,1240,0,11,9,108,31378,1222,4008,5716222,16,185,70,1,27844,1,60,1,1954428,1,450599,1,114821,1,3155104,1,13296,1,309336,1,12504,4,520954,4,79493,4,754785,4,1433594,8,2156959,108,27413,24,3226,1,26130,1,2845,1,3717,1,1453,2,5841,1,413628,1,19147,1,6342,1,0,0,0,0,0,0,0,0,16235,1,31,1,9570,1,4533,1,16266,1,9570,1,48,1,0,0,0,0,0,0,0,1,4987,1,4583,1
73,5666100,4529,9570,28.745474,1240,0,10,9,108,31756,1153,4139,5634344,16,173,40,1,27904,1,20,1,1967965,1,438185,1,113639,1,3073296,1,13296,1,310008,1,12043,4,521255,4,79684,4,717854,4,1389269,8,2083176,108,19808,12,3296,1,24828,1,2856,1,3737,1,1442,2,5871,1,402757,1,18716,1,6593,1,0,0,0,0,0,0,0,0,16290,1,23,1,9570,1,4529,1,16313,1,9570,1,48,1,0,0,0,0,0,0,0,1,5001,1,4569,1
74,5677200,4530,9570,28.77165,1240,0,11,9,108,33328,1202,4028,5643872,16,185,40,1,28094,1,30,1,1953847,1,443094,1,112437,1,3093084,1,13246,1,307262,1,12163,4,520534,4,79153,4,721882,4,1400440,8,2080982,108,37312,24,2926,1,24918,1,2886,1,12905,1,1303,2,5511,1,405191,1,19247,1,6262,1,0,0,0,0,0,0,0,0,16318,1,43,1,9570,1,4530,1,16361,1,9570,1,48,1,0,0,0,0,0,0,0,1,4994,1,4576,1
75,5735000,4529,9570,28.79591,1240,0,10,9,108,31192,1243,4109,5703808,16,173,30,1,27884,1,90,1,1958286,1,442924,1,113609,1,3147679,1,13306,1,308906,1,12344,4,522628,4,80014,4,759765,4,1420319,8,2150145,108,25830,12,3136,1,25469,1,2865,1,3887,1,1282,2,5821,1,405271,1,19407,1,6042,1,0,0,0,0,0,0,0,0,16337,1,30,1,9570,1,4529,1,16367,1,9570,1,48,1,0,0,0,0,0,0,0,1,5004,1,4566,1
76,5785600,4524,9570,28.816788,1240,0,10,9,108,32457,1292,6122,5753143,16,173,170,1,30880,1,60,1,1967053,1,450909,1,112357,1,3181084,1,10630,1,306772,1,12374,4,521756,4,79553,4,762911,4,1453683,8,2190333,108,20139,12,3196,1,25559,1,2936,1,3727,1,1353,2,5972,1,413547,1,18656,1,5972,1,0,0,0,0,0,0,0,0,16366,1,24,1,9570,1,4524,1,16390,1,9570,1,48,1,0,0,0,0,0,0,0,1,5018,1,4552,1
77,5802900,4517,9570,28.83433,1240,0,10,9,108,34953,1443,4098,5767947,16,173,170,1,31200,1,70,1,2002160,1,436832,1,112677,1,3171480,1,13356,1,307854,1,12765,4,575710,4,80044,4,725138,4,1425313,8,2126646,108,19708,12,3256,1,26361,1,2835,1,3707,1,1393,2,5661,1,400242,1,18506,1,5300,1,0,0,0,0,0,0,0,0,16419,1,23,1,9570,1,4517,1,16442,1,9570,1,48,1,0,0,0,0,0,0,0,1,5025,1,4545,1
78,5678700,4520,9570,28.848581,1240,0,10,9,108,33736,1222,4169,5644964,16,173,140,1,28335,1,30,1,1948597,1,453064,1,113088,1,3088325,1,13386,1,310980,1,12204,4,524421,4,79433,4,723545,4,1394569,8,2100770,108,13175,12,2926,1,25309,1,2886,1,3797,1,1353,2,5681,1,417465,1,18095,1,6002,1,0,0,0,0,0,0,0,0,16423,1,15,1,9570,1,4520,1,16438,1,9570,1,48,1,0,0,0,0,0,0,0,1,5023,1,4547,1
79,5729300,4514,9568,28.862343,1240,0,10,9,108,31634,1252,3778,5697666,16,173,30,1,27784,1,30,1,1970810,1,402596,1,112096,1,3171024,1,13296,1,307894,1,12063,4,524511,4,84272,4,768562,4,1427943,8,2161867,108,30860,12,3216,1,27222,1,2946,1,3677,1,1423,2,6042,1,367519,1,17925,1,5360,1,0,0,0,0,0,0,0,0,16435,1,36,1,9568,1,4514,1,16471,1,9568,1,48,1,0,0,0,0,0,0,0,1,5029,1,4539,1
80,5818300,4519,9568,28.873486,1240,0,10,9,108,31462,1212,3858,5786838,16,173,30,1,28164,1,90,1,1968966,1,439217,1,113018,1,3224107,1,13246,1,307733,1,12755,4,528890,4,80195,4,776086,4,1473832,8,2206073,108,39987,12,3156,1,26421,1,2906,1,3747,1,1393,2,5781,1,402216,1,18786,1,5891,1,0,0,0,0,0,0,0,0,16444,1,47,1,9568,1,4519,1,16491,1,9568,1,48,1,0,0,0,0,0,0,0,1,5025,1,4543,1
81,5908900,4518,9568,28.88324,1240,0,10,9,108,32740,1162,4099,5876160,16,173,10,1,28174,1,40,1,1956713,1,434277,1,112797,1,3330622,1,13526,1,306271,1,12704,4,526796,4,79764,4,811545,4,1540711,8,2325113,108,23044,12,3356,1,34196,1,3066,1,3807,1,1373,2,5871,1,397967,1,18345,1,6152,1,0,0,0,0,0,0,0,0,16476,1,27,1,9568,1,4518,1,16503,1,9568,1,48,1,0,0,0,0,0,0,0,1,5024,1,4544,1
82,5791600,4518,9568,28.892859,1240,0,10,9,108,31934,1182,3808,5759666,16,173,30,1,27453,1,90,1,1970509,1,449286,1,114631,1,3184360,1,13306,1,327772,1,12113,4,525042,4,79203,4,749285,4,1444796,8,2163842,108,26431,12,2896,1,28465,1,2886,1,3697,1,1383,2,5641,1,410942,1,21351,1,5741,1,0,0,0,0,0,0,0,0,16476,1,31,1,9568,1,4518,1,16507,1,9568,1,48,1,0,0,0,0,0,0,0,1,5027,1,4541,1
83,5693100,4516,9568,28.90075,1240,0,10,9,108,31183,1182,3918,5661917,16,173,10,1,28194,1,50,1,1970289,1,448835,1,112797,1,3088425,1,13316,1,311120,1,12163,4,527988,4,79443,4,713085,4,1399889,8,2085331,108,23726,12,3006,1,26802,1,2876,1,3777,1,1363,2,5731,1,413968,1,18606,1,5050,1,0,0,0,0,0,0,0,0,16487,1,28,1,9568,1,4516,1,16515,1,9568,1,48,1,0,0,0,0,0,0,0,1,5028,1,4540,1
84,5698800,4517,9567,28.907646,1240,0,10,9,108,30040,1223,4209,5668760,16,173,90,1,28174,1,100,1,1965139,1,432674,1,112767,1,3116459,1,13356,1,311731,1,12264,4,527948,4,79934,4,737732,4,1403897,8,2116440,108,20980,12,2936,1,25189,1,2935,1,3747,1,1343,2,5581,1,397957,1,18165,1,6543,1,0,0,0,0,0,0,0,0,16504,1,24,1,9567,1,4517,1,16528,1,9567,1,48,1,0,0,0,0,0,0,0,1,5026,1,4541,1
85,5759900,4508,9565,28.914537,1240,0,10,9,108,31284,1172,4069,5728616,16,173,50,1,28004,1,80,1,1961402,1,437714,1,112647,1,3175433,1,13286,1,304968,1,12294,4,526936,4,80004,4,772279,4,1436019,8,2175784,108,28445,12,3146,1,24768,1,2906,1,3697,1,1403,2,5841,1,403358,1,18225,1,5110,1,0,0,0,0,0,0,0,0,16470,1,32,1,9565,1,4508,1,16502,1,9565,1,48,1,0,0,0,0,0,0,0,1,5030,1,4535,1
86,5807900,4519,9565,28.920815,1240,0,10,9,108,35069,1242,4159,5772831,16,173,10,1,28375,1,60,1,1968435,1,443154,1,112477,1,3207014,1,13306,1,305780,1,12735,4,527748,4,80064,4,765225,4,1472710,8,2211624,108,22153,12,3196,1,24557,1,2876,1,3747,1,1383,2,5751,1,408387,1,18185,1,5461,1,0,0,0,0,0,0,0,0,16503,1,26,1,9565,1,4519,1,16529,1,9565,1,48,1,0,0,0,0,0,0,0,1,5030,1,4535,1
87,5697600,4516,9565,28.92588,1240,0,10,9,108,34841,1323,3668,5662759,16,173,40,1,27693,1,40,1,1966141,1,443245,1,111876,1,3100558,1,13165,1,309847,1,12554,4,526836,4,79714,4,729988,4,1398296,8,2102593,108,22022,12,3296,1,24798,1,2896,1,3827,1,1343,2,5841,1,409520,1,19047,1,5080,1,0,0,0,0,0,0,0,0,16480,1,26,1,9565,1,4516,1,16506,1,9565,1,48,1,0,0,0,0,0,0,0,1,5033,1,4532,1
88,5657000,4518,9565,28.930962,1240,0,10,9,108,31894,1162,3988,5625106,16,173,50,1,27764,1,50,1,1970039,1,436822,1,111014,1,3066162,1,13205,1,304016,1,12284,4,526165,4,79924,4,716271,4,1384119,8,2072426,108,23976,12,2906,1,25700,1,2906,1,3737,1,1303,2,5671,1,403909,1,17764,1,5300,1,0,0,0,0,0,0,0,0,16493,1,28,1,9565,1,4518,1,16521,1,9565,1,48,1,0,0,0,0,0,0,0,1,5028,1,4537,1
89,5702600,4519,9565,28.935617,1240,0,10,9,108,31646,1182,3908,5670954,16,173,10,1,27964,1,60,1,1959138,1,427274,1,111114,1,3132179,1,13215,1,303575,1,12634,4,527748,4,79974,4,756619,4,1408616,8,2140807,108,20520,12,3126,1,24888,1,2876,1,3777,1,1353,2,5811,1,394601,1,18015,1,5040,1,0,0,0,0,0,0,0,0,16514,1,24,1,9565,1,4519,1,16538,1,9565,1,48,1,0,0,0,0,0,0,0,1,5026,1,4539,1
90,5825000,4514,9565,28.939785,1240,0,11,9,108,32020,1283,4038,5792980,16,185,50,1,27884,1,80,1,1965159,1,432845,1,110894,1,3242823,1,13246,1,303796,1,12344,4,530162,4,82108,4,795043,4,1478811,8,2243505,108,26311,24,3006,1,22644,1,2835,1,3737,1,1373,2,5681,1,399230,1,17484,1,5010,1,0,0,0,0,0,0,0,0,16497,1,31,1,9565,1,4514,1,16528,1,9565,1,48,1,0,0,0,0,0,0,0,1,5034,1,4531,1
91,5740200,4516,9565,28.943506,1240,0,10,9,108,31513,1222,3968,5708687,16,173,90,1,27804,1,30,1,1966111,1,448805,1,111154,1,3141447,1,13246,1,310228,1,12574,4,527878,4,79032,4,740688,4,1427442,8,2141388,108,22774,12,3306,1,25299,1,2886,1,3807,1,1353,2,5731,1,415281,1,18766,1,4970,1,0,0,0,0,0,0,0,0,16544,1,27,1,9565,1,4516,1,16571,1,9565,1,48,1,0,0,0,0,0,0,0,1,5039,1,4526,1
92,5711400,4512,9565,28.946703,1240,0,10,9,108,31128,1122,4058,5680272,16,173,80,1,27974,1,70,1,1964157,1,430039,1,110583,1,3134113,1,13256,1,305128,1,12244,4,529160,4,79814,4,734707,4,1430899,8,2132812,108,28735,12,2866,1,24527,1,2856,1,3777,1,1393,2,5621,1,395252,1,19027,1,4799,1,0,0,0,0,0,0,0,0,16538,1,34,1,9565,1,4512,1,16572,1,9565,1,48,1,0,0,0,0,0,0,0,1,5038,1,4527,1
93,5745300,4508,9565,28.949604,1240,0,10,9,108,30411,1163,4028,5714889,16,173,30,1,27774,1,80,1,1963977,1,412966,1,110683,1,3186013,1,13366,1,310569,1,12173,4,529260,4,80124,4,763182,4,1447681,8,2176837,108,29998,12,3106,1,24888,1,2855,1,3847,1,1353,2,5811,1,378450,1,18746,1,4759,1,0,0,0,0,0,0,0,0,16531,1,34,1,9565,1,4508,1,16565,1,9565,1,48,1,0,0,0,0,0,0,0,1,5038,1,4527,1
94,5793800,4522,9565,28.952375,1240,0,10,9,108,31810,1292,3998,5761990,16,173,20,1,28004,1,20,1,1967263,1,443315,1,112076,1,3198086,1,13205,1,306441,1,12334,4,529681,4,79864,4,769444,4,1457240,8,2189381,108,33304,12,3126,1,24698,1,2916,1,3867,1,1383,2,5801,1,408638,1,17854,1,5110,1,0,0,0,0,0,0,0,0,16525,1,39,1,9565,1,4522,1,16564,1,9565,1,48,1,0,0,0,0,0,0,0,1,5035,1,4530,1
95,5778700,4519,9565,28.954878,1240,0,10,9,108,30917,1262,4279,5747783,16,173,30,1,27663,1,50,1,1963716,1,437664,1,112276,1,3193097,1,13286,1,304718,1,12264,4,527988,4,79473,4,760066,4,1465806,8,2193208,108,28385,12,2916,1,24918,1,2876,1,3837,1,1313,2,5661,1,402436,1,18285,1,5100,1,0,0,0,0,0,0,0,0,16552,1,34,1,9565,1,4519,1,16586,1,9565,1,48,1,0,0,0,0,0,0,0,1,5030,1,4535,1
96,6004200,4521,9565,28.957104,1240,0,10,9,108,42264,1353,7114,5961936,16,157,10,1,27914,1,40,1,1978475,1,516225,1,142014,1,3286136,1,11121,1,370534,1,13236,4,559489,4,81217,4,763031,4,1450447,8,2173831,108,32533,12,2986,1,28946,1,2896,1,4759,1,1543,2,5701,1,481128,1,19207,1,4899,1,0,0,0,0,0,0,0,0,16560,1,40,1,9565,1,4521,1,16600,1,9565,1,48,1,0,0,0,0,0,0,0,1,5030,1,4535,1
97,5730700,4517,9565,28.9592,1240,0,10,9,108,32433,1132,3958,5698267,16,173,100,1,31310,1,80,1,1957595,1,435069,1,112176,1,3148581,1,13356,1,315959,1,12234,4,528309,4,79233,4,737332,4,1431440,8,2126560,108,38254,12,3156,1,25820,1,2866,1,3918,1,1333,2,5851,1,397697,1,21141,1,5040,1,0,0,0,0,0,0,0,0,16549,1,46,1,9565,1,4517,1,16595,1,9565,1,48,1,0,0,0,0,0,0,0,1,5033,1,4532,1
98,5749600,4515,9565,28.960983,1240,0,10,9,108,32667,1193,4219,5716933,16,173,100,1,28204,1,50,1,1973465,1,428697,1,112387,1,3160774,1,13256,1,305148,1,12644,4,527237,4,79714,4,750677,4,1442662,8,2156057,108,33064,12,2876,1,24828,1,2856,1,3998,1,1362,2,5581,1,394571,1,18566,1,4769,1,0,0,0,0,0,0,0,0,16575,1,40,1,9565,1,4515,1,16615,1,9565,1,48,1,0,0,0,0,0,0,0,1,5034,1,4531,1
99,5807200,4520,9565,28.96278,1240,0,10,9,108,32405,1272,4169,5774795,16,173,50,1,27864,1,40,1,1987222,1,415912,1,111365,1,3218997,1,13346,1,307383,1,12244,4,529080,4,80335,4,785635,4,1459604,8,2214239,108,26832,12,3226,1,26331,1,2896,1,3797,1,1403,2,5791,1,381676,1,18195,1,5120,1,0,0,0,0,0,0,0,0,16589,1,32,1,9565,1,4520,1,16621,1,9565,1,48,1,0,0,0,0,0,0,0,1,5036,1,4529,1
100,5786900,4521,9564,28.964386,1240,0,10,9,108,31593,1282,4158,5755307,16,173,120,1,27743,1,60,1,1967554,1,439016,1,112417,1,3195081,1,13316,1,311701,1,12414,4,528048,4,79513,4,765135,4,1455707,8,2184021,108,32663,12,3126,1,24167,1,2866,1,3857,1,1403,2,5861,1,405853,1,18175,1,5170,1,0,0,0,0,0,0,0,0,16587,1,39,1,9564,1,4521,1,16626,1,9564,1,48,1,0,0,0,0,0,0,0,1,5032,1,4532,1
101,5890600,4521,9564,28.965906,1240,0,10,9,108,32775,1212,4118,5857825,16,173,80,1,27733,1,60,1,1966412,1,446060,1,112687,1,3291537,1,13256,1,306090,1,12424,4,528629,4,79884,4,770075,4,1548666,8,2287240,108,27383,12,5100,1,25539,1,2906,1,3807,1,1323,2,5881,1,411413,1,18676,1,4759,1,0,0,0,0,0,0,0,0,16610,1,32,1,9564,1,4521,1,16642,1,9564,1,48,1,0,0,0,0,0,0,0,1,5035,1,4529,1
102,5881100,4521,9563,28.967402,1240,0,10,9,108,41560,3286,4058,5839540,16,173,160,1,31210,1,60,1,1988775,1,434167,1,113359,1,3258503,1,13306,1,306090,1,12965,4,535012,4,79283,4,775014,4,1504421,8,2238636,108,36741,12,2986,1,25479,1,2876,1,3898,1,1423,2,5771,1,398208,1,18826,1,4669,1,0,0,0,0,0,0,0,0,16608,1,44,1,9563,1,4521,1,16652,1,9563,1,48,1,0,0,0,0,0,0,0,1,5031,1,4532,1
103,5715000,4520,9563,28.968788,1240,0,10,9,108,31662,1213,3959,5683338,16,173,100,1,31120,1,110,1,1947355,1,451992,1,111745,1,3127570,1,13346,1,302994,1,12374,4,527567,4,79483,4,735959,4,1424427,8,2118494,108,37933,12,3136,1,26461,1,2916,1,3757,1,1412,2,5871,1,418707,1,17464,1,4849,1,0,0,0,0,0,0,0,0,16622,1,45,1,9563,1,4520,1,16667,1,9563,1,48,1,0,0,0,0,0,0,0,1,5034,1,4529,1
104,5873600,4522,9563,28.969984,1240,0,10,9,108,33900,1102,3878,5839700,16,173,60,1,27794,1,20,1,1979156,1,496387,1,111936,1,3211021,1,13326,1,304898,1,12284,4,530633,4,80284,4,774533,4,1465726,8,2192206,108,44175,12,2956,1,24848,1,2876,1,3737,1,1333,2,5811,1,464195,1,17123,1,4238,1,0,0,0,0,0,0,0,0,16622,1,53,1,9563,1,4522,1,16675,1,9563,1,48,1,0,0,0,0,0,0,0,1,5034,1,4529,1
105,5722100,4518,9563,28.971111,1240,0,10,9,108,32009,1142,3697,5690091,16,173,60,1,27844,1,10,1,1970119,1,428416,1,112567,1,3137700,1,13376,1,307423,1,12474,4,528739,4,79463,4,742201,4,1424677,8,2121671,108,41510,12,2916,1,25088,1,2876,1,3727,1,1363,2,5611,1,394060,1,18446,1,5130,1,0,0,0,0,0,0,0,0,16621,1,49,1,9563,1,4518,1,16670,1,9563,1,48,1,0,0,0,0,0,0,0,1,5034,1,4529,1
106,5798700,4521,9563,28.97221,1240,0,10,9,108,31991,1152,4319,5766709,16,173,60,1,27884,1,60,1,1960691,1,444277,1,112537,1,3207875,1,13326,1,307483,1,12504,4,529972,4,80024,4,775215,4,1460847,8,2195563,108,36180,12,3016,1,23926,1,2856,1,3908,1,1383,2,5591,1,409540,1,19458,1,4519,1,0,0,0,0,0,0,0,0,16635,1,42,1,9563,1,4521,1,16677,1,9563,1,48,1,0,0,0,0,0,0,0,1,5030,1,4533,1
107,5858400,4523,9563,28.97325,1240,0,10,9,108,38248,3216,4078,5820152,16,173,170,1,31280,1,90,1,1975719,1,451180,1,113779,1,3234436,1,13496,1,304056,1,12404,4,528890,4,79684,4,779453,4,1483851,8,2226312,108,32913,12,3206,1,25519,1,2946,1,3857,1,1383,2,5972,1,415331,1,18305,1,4819,1,0,0,0,0,0,0,0,0,16652,1,40,1,9563,1,4523,1,16692,1,9563,1,48,1,0,0,0,0,0,0,0,1,5025,1,4538,1
108,5771100,4515,9562,28.974203,1240,0,10,9,108,30952,1203,4519,5740148,16,173,30,1,31080,1,110,1,1956793,1,441321,1,112848,1,3184731,1,13236,1,301241,1,12334,4,529210,4,79243,4,758082,4,1461558,8,2180123,108,34997,12,2946,1,25439,1,2875,1,3737,1,1313,2,5551,1,404169,1,19057,1,5771,1,0,0,0,0,0,0,0,0,16660,1,41,1,9562,1,4515,1,16701,1,9562,1,48,1,0,0,0,0,0,0,0,1,5030,1,4532,1
109,5803800,4517,9562,28.975157,1240,0,10,9,108,31841,1252,4318,5771959,16,173,60,1,28134,1,60,1,1969207,1,433666,1,112256,1,3215260,1,13316,1,304788,1,12314,4,533268,4,79654,4,797608,4,1444185,8,2197557,108,39917,12,2906,1,25649,1,2866,1,3787,1,1393,2,5591,1,400292,1,18586,1,4849,1,0,0,0,0,0,0,0,0,16684,1,47,1,9562,1,4517,1,16731,1,9562,1,48,1,0,0,0,0,0,0,0,1,5038,1,4524,1
110,5792500,4516,9562,28.976004,1240,0,10,9,108,33005,1303,4149,5759495,16,173,40,1,27343,1,220,1,1963997,1,451410,1,111405,1,3191794,1,13286,1,308505,1,12314,4,530904,4,79834,4,755737,4,1461428,8,2182878,108,30138,12,2866,1,25068,1,2876,1,3928,1,1423,2,5611,1,416633,1,19367,1,4439,1,0,0,0,0,0,0,0,0,16690,1,36,1,9562,1,4516,1,16726,1,9562,1,48,1,0,0,0,0,0,0,0,1,5038,1,4524,1
111,5775700,4515,9562,28.976778,1240,0,10,9,108,31554,1172,4409,5744146,16,173,50,1,27884,1,50,1,1963967,1,397737,1,111214,1,3229918,1,13326,1,305058,1,12534,4,530182,4,80145,4,786066,4,1473231,8,2228176,108,26712,12,3156,1,24648,1,2886,1,3697,1,1393,2,5751,1,363501,1,18796,1,4769,1,0,0,0,0,0,0,0,0,16691,1,32,1,9562,1,4515,1,16723,1,9562,1,48,1,0,0,0,0,0,0,0,1,5041,1,4521,1
112,5825500,4519,9562,28.977486,1240,0,10,9,108,32270,1232,3738,5793230,16,173,10,1,28074,1,40,1,1960190,1,428596,1,111275,1,3251710,1,13336,1,305729,1,12314,4,530693,4,79734,4,784422,4,1495704,8,2242273,108,34116,12,3517,1,24547,1,2896,1,3707,1,1363,2,5851,1,395292,1,18977,1,4749,1,0,0,0,0,0,0,0,0,16685,1,40,1,9562,1,4519,1,16725,1,9562,1,48,1,0,0,0,0,0,0,0,1,5041,1,4521,1
113,5813200,4520,9562,28.978231,1240,0,10,9,108,30861,1152,3968,5782339,16,173,20,1,27914,1,20,1,1967393,1,428937,1,111966,1,3232803,1,13286,1,302824,1,12735,4,531966,4,80054,4,774864,4,1487318,8,2226072,108,32142,12,3136,1,24948,1,2906,1,3867,1,1282,2,5751,1,395312,1,18175,1,4819,1,0,0,0,0,0,0,0,0,16698,1,38,1,9562,1,4520,1,16736,1,9562,1,48,1,0,0,0,0,0,0,0,1,5038,1,4524,1
114,5724100,4520,9562,28.97893,1240,0,10,9,108,30462,1272,4069,5693638,16,173,10,1,27874,1,60,1,1967944,1,438816,1,111946,1,3133682,1,13306,1,304377,1,12584,4,530503,4,79002,4,739826,4,1424557,8,2126559,108,33755,12,3286,1,24638,1,2906,1,3717,1,1363,2,5651,1,405031,1,19437,1,4829,1,0,0,0,0,0,0,0,0,16706,1,40,1,9562,1,4520,1,16746,1,9562,1,48,1,0,0,0,0,0,0,0,1,5034,1,4528,1
115,5801100,4519,9561,28.979557,1240,0,10,9,108,33088,1192,4309,5768012,16,173,20,1,27874,1,40,1,1986260,1,432965,1,111495,1,3196002,1,13356,1,306812,1,12434,4,532577,4,79533,4,757631,4,1463151,8,2185654,108,30819,12,2876,1,25760,1,2886,1,3988,1,1282,2,5881,1,397537,1,18937,1,4559,1,0,0,0,0,0,0,0,0,16724,1,36,1,9561,1,4519,1,16760,1,9561,1,48,1,0,0,0,0,0,0,0,1,5036,1,4525,1
116,5776900,4526,9561,28.980162,1240,0,10,9,108,31783,1173,4420,5745117,16,173,30,1,28194,1,50,1,1970159,1,426222,1,112256,1,3194870,1,13336,1,306671,1,12484,4,532146,4,79473,4,762109,4,1459133,8,2183148,108,33675,12,2896,1,25048,1,2926,1,3737,1,1483,2,5591,1,390814,1,19458,1,4318,1,0,0,0,0,0,0,0,0,16733,1,40,1,9561,1,4526,1,16773,1,9561,1,48,1,0,0,0,0,0,0,0,1,5030,1,4531,1
117,5809900,4519,9561,28.980728,1240,0,10,9,108,32560,1122,4118,5777340,16,173,10,1,28024,1,60,1,1960811,1,430901,1,112697,1,3231511,1,13326,1,304277,1,12514,4,534140,4,80064,4,795704,4,1460115,8,2215922,108,35779,12,3136,1,26521,1,2876,1,3867,1,1373,2,5801,1,398488,1,18135,1,4188,1,0,0,0,0,0,0,0,0,16723,1,40,1,9561,1,4519,1,16763,1,9561,1,48,1,0,0,0,0,0,0,0,1,5033,1,4528,1
118,5833200,4521,9561,28.981266,1240,0,10,9,108,32886,1243,4208,5800314,16,173,40,1,27754,1,60,1,1966943,1,443024,1,112497,1,3236771,1,13226,1,308184,1,12755,4,532126,4,80074,4,779142,4,1480745,8,2221864,108,33815,12,3156,1,25519,1,2885,1,3867,1,1363,2,5711,1,408568,1,18676,1,4839,1,0,0,0,0,0,0,0,0,16755,1,40,1,9561,1,4521,1,16795,1,9561,1,48,1,0,0,0,0,0,0,0,1,5033,1,4528,1
119,5821400,4517,9561,28.981787,1240,0,10,9,108,33280,5090,3748,5788120,16,173,140,1,30829,1,70,1,1972113,1,443064,1,113399,1,3217814,1,10691,1,306000,1,12244,4,530593,4,79413,4,766809,4,1475395,8,2208608,108,29848,12,3056,1,25409,1,2856,1,3717,1,1403,2,5831,1,407335,1,18576,1,4809,1,0,0,0,0,0,0,0,0,16748,1,36,1,9561,1,4517,1,16784,1,9561,1,48,1,0,0,0,0,0,0,0,1,5032,1,4529,1
120,5826800,4523,9561,28.982262,1240,0,10,9,108,32047,1212,4189,5794753,16,173,40,1,30839,1,100,1,1956893,1,443856,1,112347,1,3237462,1,13215,1,305279,1,12835,4,534170,4,79744,4,755727,4,1506755,8,2224518,108,33775,12,3196,1,25028,1,2866,1,3767,1,1343,2,5541,1,409780,1,18816,1,4719,1,0,0,0,0,0,0,0,0,16776,1,40,1,9561,1,4523,1,16816,1,9561,1,48,1,0,0,0,0,0,0,0,1,5037,1,4524,1
121,5775600,4523,9561,28.98269,1240,0,10,9,108,33188,1263,3938,5742412,16,173,20,1,27243,1,120,1,1965109,1,431903,1,112256,1,3192365,1,13396,1,305339,1,12434,4,534040,4,80074,4,752291,4,1464474,8,2179753,108,33074,12,2936,1,25720,1,2935,1,3918,1,1313,2,5631,1,399130,1,18265,1,4649,1,0,0,0,0,0,0,0,0,16768,1,40,1,9561,1,4523,1,16808,1,9561,1,48,1,0,0,0,0,0,0,0,1,5035,1,4526,1
122,5834900,4521,9561,28.983118,1240,0,10,9,108,31610,1082,4198,5803290,16,173,30,1,28164,1,40,1,1965029,1,428156,1,113128,1,3255467,1,13276,1,309036,1,12364,4,532817,4,79183,4,797347,4,1481426,8,2244127,108,30449,12,2896,1,25559,1,2866,1,3978,1,1413,2,5501,1,395052,1,18746,1,4699,1,0,0,0,0,0,0,0,0,16780,1,36,1,9561,1,4521,1,16816,1,9561,1,48,1,0,0,0,0,0,0,0,1,5034,1,4527,1
123,6001900,4522,9561,28.98351,1240,0,10,9,108,35571,5380,3908,5966329,16,173,160,1,31130,1,50,1,2008924,1,430445,1,146442,1,3335992,1,13185,1,375534,1,13015,4,583445,4,79183,4,767770,4,1468411,8,2198779,108,33495,12,2976,1,25138,1,2936,1,4749,1,1603,2,5851,1,390668,1,20249,1,5581,1,0,0,0,0,0,0,0,0,16773,1,40,1,9561,1,4522,1,16813,1,9561,1,48,1,0,0,0,0,0,0,0,1,5034,1,4527,1
124,5734900,4518,9561,28.98387,1240,0,10,9,108,31212,1182,4149,5703688,16,173,40,1,30950,1,60,1,1957995,1,407335,1,112136,1,3181895,1,13276,1,302012,1,12264,4,532797,4,79824,4,777810,4,1434225,8,2187147,108,20740,12,3196,1,24738,1,2876,1,3807,1,1353,2,5811,1,374502,1,17935,1,4158,1,0,0,0,0,0,0,0,0,16794,1,24,1,9561,1,4518,1,16818,1,9561,1,48,1,0,0,0,0,0,0,0,1,5035,1,4526,1
125,5848100,4521,9561,28.984217,1240,0,10,9,108,31415,1262,3869,5816685,16,173,60,1,27864,1,40,1,1958396,1,431983,1,111816,1,3273121,1,13406,1,303686,1,12204,4,534521,4,79914,4,780064,4,1517827,8,2272811,108,21211,12,4659,1,24998,1,2956,1,3928,1,1393,2,5711,1,399731,1,18355,1,4378,1,0,0,0,0,0,0,0,0,16816,1,24,1,9561,1,4521,1,16840,1,9561,1,48,1,0,0,0,0,0,0,0,1,5036,1,4525,1
126,5820100,4521,9561,28.984558,1240,0,10,9,108,33513,1272,4048,5786587,16,173,160,1,32302,1,70,1,1966331,1,436432,1,113278,1,3227122,1,10891,1,305679,1,12374,4,532727,4,79353,4,772630,4,1479944,8,2228036,108,20490,12,3196,1,26080,1,2866,1,3737,1,1373,2,5891,1,401153,1,19117,1,4539,1,0,0,0,0,0,0,0,0,16826,1,24,1,9561,1,4521,1,16850,1,9561,1,48,1,0,0,0,0,0,0,0,1,5038,1,4523,1
127,5764800,4517,9561,28.98485,1240,0,10,9,108,30273,1222,4199,5734527,16,173,120,1,31240,1,60,1,1958426,1,440930,1,111435,1,3179050,1,13266,1,302303,1,12424,4,533829,4,79704,4,750707,4,1457390,8,2183249,108,20650,12,3126,1,24638,1,2896,1,3787,1,1363,2,5661,1,406824,1,18045,1,4569,1,0,0,0,0,0,0,0,0,16852,1,24,1,9561,1,4517,1,16876,1,9561,1,48,1,0,0,0,0,0,0,0,1,5037,1,4524,1
128,5718000,4522,9561,28.98514,1240,0,10,9,108,30924,1132,4149,5687076,16,173,20,1,27533,1,40,1,1958927,1,428486,1,111355,1,3147419,1,13296,1,302133,1,12835,4,534851,4,80155,4,738083,4,1436871,8,2146808,108,23996,12,2886,1,24617,1,2926,1,3777,1,1453,2,5701,1,396024,1,17303,1,4268,1,0,0,0,0,0,0,0,0,16842,1,28,1,9561,1,4522,1,16870,1,9561,1,48,1,0,0,0,0,0,0,0,1,5037,1,4524,1
129,5767900,4521,9561,28.98541,1240,0,10,9,108,30638,1182,4028,5737262,16,173,30,1,27483,1,80,1,1970159,1,418557,1,112216,1,3195451,1,13286,1,309737,1,12504,4,536354,4,80054,4,772369,4,1441810,8,2186406,108,23746,12,2936,1,24648,1,2926,1,3948,1,1313,2,5671,1,385303,1,18506,1,4479,1,0,0,0,0,0,0,0,0,16861,1,28,1,9561,1,4521,1,16889,1,9561,1,48,1,0,0,0,0,0,0,0,1,5032,1,4529,1
130,5814600,4519,9560,28.98568,1240,0,10,9,108,30718,1222,4399,5783882,16,173,30,1,27884,1,20,1,1967243,1,445820,1,110924,1,3218676,1,13286,1,303635,1,12173,4,536845,4,80004,4,777549,4,1467199,8,2216614,108,23736,12,3146,1,23034,1,2866,1,3787,1,1363,2,5851,1,411814,1,18466,1,4559,1,0,0,0,0,0,0,0,0,16862,1,28,1,9560,1,4519,1,16890,1,9560,1,48,1,0,0,0,0,0,0,0,1,5034,1,4526,1
131,5964400,4526,9559,28.98593,1240,0,10,9,108,31951,1152,4388,5932449,16,173,10,1,27924,1,90,1,1967333,1,436772,1,112787,1,3374256,1,13276,1,300590,1,12524,4,537817,4,79513,4,835892,4,1563004,8,2367575,108,26932,12,3176,1,26822,1,2886,1,3908,1,1353,2,5621,1,403167,1,19077,1,5150,1,0,0,0,0,0,0,0,0,16896,1,32,1,9559,1,4526,1,16928,1,9559,1,48,1,0,0,0,0,0,0,0,1,5031,1,4528,1
132,5842200,4524,9559,28.986149,1240,0,10,9,108,32067,1292,3678,5810133,16,173,20,1,28074,1,90,1,1967614,1,437453,1,112276,1,3251339,1,13266,1,307483,1,12464,4,538067,4,79844,4,775125,4,1495173,8,2239848,108,26772,12,3126,1,24788,1,2876,1,3737,1,1413,2,5951,1,404480,1,19227,1,4318,1,0,0,0,0,0,0,0,0,16900,1,32,1,9559,1,4524,1,16932,1,9559,1,48,1,0,0,0,0,0,0,0,1,5029,1,4530,1
133,5783600,4516,9559,28.98636,1240,0,10,9,108,33413,1083,4299,5750187,16,173,30,1,28184,1,30,1,1967053,1,441852,1,111365,1,3188368,1,13306,1,302964,1,12394,4,535733,4,79242,4,755186,4,1460396,8,2187367,108,23916,12,3126,1,24688,1,2876,1,3807,1,1393,2,5481,1,409800,1,18696,1,4198,1,0,0,0,0,0,0,0,0,16892,1,28,1,9559,1,4516,1,16920,1,9559,1,48,1,0,0,0,0,0,0,0,1,5034,1,4525,1
134,5764000,4520,9559,28.98657,1240,0,10,9,108,32569,1262,3988,5731431,16,173,80,1,27924,1,50,1,1993464,1,428787,1,111014,1,3156817,1,13296,1,303756,1,12414,4,537056,4,80455,4,748654,4,1431200,8,2152209,108,23656,12,2986,1,24888,1,2896,1,3928,1,1363,2,5961,1,396555,1,17955,1,4228,1,0,0,0,0,0,0,0,0,16901,1,28,1,9559,1,4520,1,16929,1,9559,1,48,1,0,0,0,0,0,0,0,1,5038,1,4521,1
135,5743600,4522,9559,28.986776,1240,0,10,9,108,31065,1132,3858,5712535,16,173,20,1,27904,1,90,1,1970539,1,439527,1,110934,1,3150254,1,13266,1,304758,1,12374,4,535062,4,79113,4,747181,4,1428995,8,2149925,108,22393,12,2856,1,24888,1,2896,1,4138,1,1323,2,5541,1,405231,1,18546,1,4008,1,0,0,0,0,0,0,0,0,16906,1,26,1,9559,1,4522,1,16932,1,9559,1,48,1,0,0,0,0,0,0,0,1,5033,1,4526,1
136,5898200,4519,9559,28.986969,1240,0,10,9,108,31794,1323,4068,5866406,16,173,60,1,27914,1,20,1,1965430,1,426783,1,111455,1,3321359,1,13386,1,303595,1,12504,4,553818,4,80114,4,835666,4,1485865,8,2290451,108,27012,12,4038,1,29958,1,3166,1,3827,1,1343,2,6142,1,394010,1,18285,1,4378,1,0,0,0,0,0,0,0,0,16892,1,30,1,9559,1,4519,1,16922,1,9559,1,48,1,0,0,0,0,0,0,0,1,5035,1,4524,1
137,5830800,4521,9559,28.987137,1240,0,10,9,108,34243,1132,4089,5796557,16,173,20,1,31200,1,70,1,1967063,1,438656,1,111415,1,3234907,1,13226,1,315809,1,12474,4,537025,4,79513,4,786186,4,1458272,8,2211543,108,28826,12,3206,1,27343,1,2835,1,3857,1,1382,2,5871,1,404861,1,19327,1,4198,1,0,0,0,0,0,0,0,0,16889,1,34,1,9559,1,4521,1,16923,1,9559,1,48,1,0,0,0,0,0,0,0,1,5037,1,4522,1
138,5834800,4521,9559,28.9873,1240,0,10,9,108,32923,1242,3988,5801877,16,173,60,1,28144,1,50,1,1968405,1,446631,1,111094,1,3234156,1,13336,1,310439,1,12544,4,537025,4,79583,4,777319,4,1473812,8,2218257,108,28886,12,3166,1,25078,1,2866,1,3797,1,1373,2,5911,1,413698,1,16863,1,5100,1,0,0,0,0,0,0,0,0,16884,1,34,1,9559,1,4521,1,16918,1,9559,1,48,1,0,0,0,0,0,0,0,1,5035,1,4524,1
139,5842900,4521,9559,28.987465,1240,0,10,9,108,32156,1283,4088,5810744,16,173,20,1,27403,1,50,1,1968065,1,429238,1,111315,1,3261298,1,13356,1,311731,1,12735,4,534681,4,79413,4,803219,4,1475926,8,2246160,108,28896,12,2906,1,25469,1,2906,1,3787,1,1452,2,5791,1,396374,1,18365,1,3898,1,0,0,0,0,0,0,0,0,16900,1,34,1,9559,1,4521,1,16934,1,9559,1,48,1,0,0,0,0,0,0,0,1,5036,1,4523,1
140,5766500,4518,9559,28.987623,1240,0,10,9,108,31793,1333,4220,5734707,16,173,40,1,28104,1,60,1,1968596,1,435289,1,110984,1,3178328,1,13306,1,304036,1,12624,4,538128,4,80054,4,749034,4,1450807,8,2166786,108,28836,12,3326,1,24748,1,2876,1,3928,1,1373,2,6062,1,402015,1,19818,1,4158,1,0,0,0,0,0,0,0,0,16905,1,34,1,9559,1,4518,1,16939,1,9559,1,48,1,0,0,0,0,0,0,0,1,5038,1,4521,1
141,5764900,4523,9559,28.987766,1240,0,10,9,108,33940,1153,4248,5730960,16,173,30,1,28044,1,40,1,1972493,1,434838,1,111836,1,3170353,1,13326,1,303435,1,12404,4,538248,4,79293,4,744816,4,1449916,8,2155997,108,34486,12,2966,1,24517,1,2855,1,3837,1,1343,2,5571,1,401474,1,18736,1,4298,1,0,0,0,0,0,0,0,0,16895,1,40,1,9559,1,4523,1,16935,1,9559,1,48,1,0,0,0,0,0,0,0,1,5035,1,4524,1
142,5799600,4524,9559,28.987892,1240,0,10,9,108,31538,1212,4189,5768062,16,173,10,1,27894,1,10,1,1967594,1,407927,1,110934,1,3240428,1,13266,1,306992,1,12043,4,537967,4,80235,4,783180,4,1477068,8,2223206,108,32853,12,3016,1,24688,1,2906,1,4028,1,1343,2,5751,1,375264,1,18075,1,4118,1,0,0,0,0,0,0,0,0,16904,1,38,1,9559,1,4524,1,16942,1,9559,1,48,1,0,0,0,0,0,0,0,1,5032,1,4527,1
143,5848300,4523,9559,28.98802,1240,0,10,9,108,31013,1262,4079,5817287,16,173,20,1,27713,1,60,1,1966081,1,428236,1,110723,1,3271117,1,13336,1,309607,1,12634,4,538108,4,80034,4,795764,4,1492077,8,2251601,108,32162,12,3176,1,24567,1,2886,1,3887,1,1433,2,5681,1,396565,1,18125,1,4118,1,0,0,0,0,0,0,0,0,16913,1,38,1,9559,1,4523,1,16951,1,9559,1,48,1,0,0,0,0,0,0,0,1,5033,1,4526,1
144,5854300,4520,9559,28.988153,1240,0,10,9,108,31062,1132,4228,5823238,16,173,20,1,28014,1,70,1,1965991,1,439177,1,112256,1,3264354,1,13356,1,302102,1,12604,4,540001,4,80575,4,801616,4,1484222,8,2249036,108,32573,12,3166,1,24758,1,2906,1,3928,1,1383,2,5961,1,405241,1,19027,1,4308,1,0,0,0,0,0,0,0,0,16911,1,38,1,9559,1,4520,1,16949,1,9559,1,48,1,0,0,0,0,0,0,0,1,5034,1,4525,1
145,5835700,4519,9559,28.98826,1240,0,10,9,108,30657,1142,4309,5805043,16,173,50,1,28064,1,110,1,1968055,1,437183,1,112016,1,3246329,1,13236,1,311972,1,12564,4,536935,4,79523,4,777629,4,1485304,8,2229829,108,28796,12,3166,1,24407,1,2866,1,3777,1,1313,2,5731,1,404851,1,18987,1,3978,1,0,0,0,0,0,0,0,0,16923,1,34,1,9559,1,4519,1,16957,1,9559,1,48,1,0,0,0,0,0,0,0,1,5038,1,4521,1
146,5768300,4520,9559,28.988363,1240,0,10,9,108,30547,1163,4609,5737753,16,173,50,1,27533,1,70,1,1965921,1,433416,1,111926,1,3185642,1,13195,1,316580,1,12274,4,536514,4,79553,4,748804,4,1448543,8,2166497,108,26240,12,2886,1,25429,1,2845,1,3948,1,1383,2,5721,1,400442,1,18265,1,4138,1,0,0,0,0,0,0,0,0,16918,1,32,1,9559,1,4520,1,16950,1,9559,1,48,1,0,0,0,0,0,0,0,1,5037,1,4522,1
147,5810600,4522,9559,28.988459,1240,0,10,9,108,30555,1152,4288,5780045,16,173,110,1,27673,1,70,1,1964608,1,432013,1,112056,1,3230178,1,13336,1,303295,1,12554,4,540312,4,79794,4,769183,4,1482899,8,2222585,108,25209,12,2896,1,24177,1,2936,1,3817,1,1363,2,5801,1,399891,1,18285,1,4509,1,0,0,0,0,0,0,0,0,16937,1,30,1,9559,1,4522,1,16967,1,9559,1,48,1,0,0,0,0,0,0,0,1,5036,1,4523,1
148,5747200,4517,9559,28.988543,1240,0,10,9,108,30337,1272,4128,5716863,16,173,40,1,28074,1,50,1,1970700,1,425861,1,110683,1,3168129,1,13326,1,303545,1,12394,4,536835,4,79754,4,758242,4,1434746,8,2166707,108,22153,12,2936,1,24788,1,2866,1,3777,1,1363,2,5611,1,393348,1,18235,1,4990,1,0,0,0,0,0,0,0,0,16926,1,26,1,9559,1,4517,1,16952,1,9559,1,48,1,0,0,0,0,0,0,0,1,5037,1,4522,1
149,5806700,4519,9559,28.988642,1240,0,10,9,108,33027,1323,4039,5773673,16,173,20,1,28184,1,50,1,1960190,1,432334,1,111234,1,3228335,1,13326,1,302664,1,12534,4,538518,4,79694,4,783631,4,1468522,8,2224518,108,23595,12,3156,1,24417,1,2875,1,3817,1,1403,2,5781,1,400462,1,17905,1,3637,1,0,0,0,0,0,0,0,0,16942,1,28,1,9559,1,4519,1,16970,1,9559,1,48,1,0,0,0,0,0,0,0,1,5040,1,4519,1
150,5824400,4522,9559,28.98874,1240,0,10,9,108,32813,1262,4159,5791587,16,173,20,1,28094,1,80,1,1968876,1,426342,1,111124,1,3243744,1,13306,1,302704,1,12454,4,538037,4,79794,4,779172,4,1488580,8,2243645,108,19948,12,3146,1,24597,1,2856,1,3998,1,1393,2,5751,1,395703,1,17273,1,4018,1,0,0,0,0,0,0,0,0,16949,1,23,1,9559,1,4522,1,16972,1,9559,1,48,1,0,0,0,0,0,0,0,1,5034,1,4525,1
151,5817200,4520,9559,28.98882,1240,0,10,9,108,32957,5140,3968,5784243,16,173,160,1,31090,1,60,1,1967133,1,438215,1,112818,1,3221241,1,13526,1,308024,1,12384,4,534771,4,79383,4,765466,4,1474393,8,2216744,108,19147,12,2936,1,24978,1,2916,1,3737,1,1413,2,5701,1,404119,1,18165,1,3797,1,0,0,0,0,0,0,0,0,16935,1,23,1,9559,1,4520,1,16958,1,9559,1,48,1,0,0,0,0,0,0,0,1,5036,1,4523,1
152,5735600,4523,9559,28.988888,1240,0,10,9,108,31672,1192,4139,5703928,16,173,30,1,31030,1,70,1,1957845,1,426903,1,111796,1,3162949,1,13306,1,302153,1,12374,4,537536,4,79644,4,747792,4,1440828,8,2160465,108,24016,12,3046,1,24527,1,2926,1,3867,1,1393,2,5671,1,393849,1,18706,1,3978,1,0,0,0,0,0,0,0,0,16925,1,28,1,9559,1,4523,1,16953,1,9559,1,48,1,0,0,0,0,0,0,0,1,5036,1,4523,1
153,5789000,4523,9559,28.988964,1240,0,10,9,108,33172,1353,4078,5755828,16,173,30,1,28234,1,60,1,1993744,1,447062,1,112196,1,3161195,1,13306,1,300279,1,12544,4,537997,4,80155,4,745758,4,1439466,8,2157269,108,23876,12,2896,1,26832,1,2896,1,3938,1,1393,2,5691,1,413427,1,19047,1,3817,1,0,0,0,0,0,0,0,0,16921,1,28,1,9559,1,4523,1,16949,1,9559,1,48,1,0,0,0,0,0,0,0,1,5035,1,4524,1
154,5766500,4524,9559,28.989048,1240,0,10,9,108,31893,1202,4249,5734607,16,173,20,1,27663,1,60,1,1964708,1,403478,1,110974,1,3214368,1,13336,1,320207,1,12574,4,537506,4,79904,4,772560,4,1448493,8,2192797,108,24006,12,3146,1,24928,1,2876,1,3757,1,1403,2,5811,1,371166,1,18776,1,3797,1,0,0,0,0,0,0,0,0,16914,1,28,1,9559,1,4524,1,16942,1,9559,1,48,1,0,0,0,0,0,0,0,1,5035,1,4524,1
155,5808800,4521,9559,28.989117,1240,0,10,9,108,32663,1173,4099,5776137,16,173,30,1,27924,1,60,1,1961151,1,433706,1,111094,1,3228876,1,13296,1,305729,1,12925,4,536995,4,79874,4,773742,4,1476737,8,2222975,108,23405,12,3206,1,24818,1,2896,1,3797,1,1382,2,5601,1,399250,1,18796,1,4960,1,0,0,0,0,0,0,0,0,16915,1,28,1,9559,1,4521,1,16943,1,9559,1,48,1,0,0,0,0,0,0,0,1,5035,1,4524,1
156,5835100,4520,9559,28.989172,1240,0,10,9,108,32061,1142,4589,5803039,16,173,40,1,27423,1,60,1,1964207,1,446260,1,110954,1,3240759,1,13336,1,304818,1,12765,4,537486,4,80255,4,779102,4,1483200,8,2235330,108,22383,12,3136,1,24828,1,2866,1,3857,1,1403,2,5901,1,414108,1,18826,1,3857,1,0,0,0,0,0,0,0,0,16915,1,27,1,9559,1,4520,1,16942,1,9559,1,48,1,0,0,0,0,0,0,0,1,5037,1,4522,1
157,5756700,4519,9559,28.989218,1240,0,10,9,108,32633,1142,4519,5724067,16,173,40,1,28154,1,120,1,1969337,1,446641,1,109812,1,3156646,1,13316,1,315318,1,12264,4,535823,4,79032,4,740297,4,1431530,8,2144544,108,22764,12,3156,1,24367,1,2926,1,3817,1,1323,2,5651,1,413878,1,18125,1,4168,1,0,0,0,0,0,0,0,0,16916,1,27,1,9559,1,4519,1,16943,1,9559,1,48,1,0,0,0,0,0,0,0,1,5039,1,4520,1
158,5972000,4519,9559,28.98927,1240,0,10,9,108,31977,1373,3988,5940023,16,173,30,1,27874,1,40,1,1969878,1,426162,1,110142,1,3392541,1,13356,1,303255,1,12534,4,536234,4,80245,4,851362,4,1563865,8,2386912,108,24327,12,3697,1,26271,1,2926,1,3777,1,1372,2,5631,1,394120,1,18896,1,3898,1,0,0,0,0,0,0,0,0,16921,1,27,1,9559,1,4519,1,16948,1,9559,1,48,1,0,0,0,0,0,0,0,1,5038,1,4521,1
159,5806700,4518,9559,28.98933,1240,0,10,9,108,31915,1323,4509,5774785,16,173,60,1,28545,1,70,1,1970610,1,438315,1,111976,1,3211843,1,13366,1,327351,1,12444,4,537667,4,79553,4,752511,4,1457691,8,2186405,108,19287,12,2866,1,26882,1,2886,1,3717,1,1403,2,5551,1,402175,1,21542,1,3978,1,0,0,0,0,0,0,0,0,16921,1,23,1,9559,1,4518,1,16944,1,9559,1,48,1,0,0,0,0,0,0,0,1,5040,1,4519,1
160,5772100,4519,9559,28.989386,1240,0,10,9,108,31181,1182,3989,5740919,16,173,40,1,27964,1,90,1,1969958,1,434828,1,110593,1,3184119,1,13326,1,316420,1,12664,4,537446,4,80175,4,750427,4,1444295,8,2171316,108,19417,12,2896,1,25088,1,2896,1,3737,1,1373,2,5521,1,402767,1,18295,1,3898,1,0,0,0,0,0,0,0,0,16913,1,23,1,9559,1,4519,1,16936,1,9559,1,48,1,0,0,0,0,0,0,0,1,5040,1,4519,1
161,5802000,4521,9559,28.989433,1240,0,10,9,108,31844,1192,4079,5770156,16,173,10,1,28044,1,40,1,1969708,1,441531,1,110804,1,3206653,1,13366,1,302333,1,12564,4,537637,4,80024,4,774213,4,1456408,8,2207095,108,19447,12,3186,1,25409,1,2896,1,3787,1,1303,2,5701,1,410962,1,17133,1,3827,1,0,0,0,0,0,0,0,0,16911,1,23,1,9559,1,4521,1,16934,1,9559,1,48,1,0,0,0,0,0,0,0,1,5038,1,4521,1
162,5816200,4518,9559,28.989477,1240,0,10,9,108,33250,1322,7255,5782950,16,173,150,1,31391,1,80,1,1975770,1,438415,1,113529,1,3212675,1,10941,1,303886,1,12434,4,534390,4,79854,4,783881,4,1454525,8,2211724,108,19427,12,3256,1,25179,1,2926,1,3747,1,1343,2,5931,1,403518,1,18836,1,3867,1,0,0,0,0,0,0,0,0,16914,1,23,1,9559,1,4518,1,16937,1,9559,1,48,1,0,0,0,0,0,0,0,1,5037,1,4522,1
163,5847000,4520,9559,28.989515,1240,0,10,9,108,33691,1372,6503,5813309,16,173,150,1,31130,1,50,1,1960460,1,433847,1,112637,1,3264354,1,10681,1,301872,1,12284,4,534030,4,79533,4,792578,4,1499391,8,2266380,108,19087,12,3106,1,26281,1,2896,1,3737,1,1433,2,5841,1,398889,1,18916,1,3908,1,0,0,0,0,0,0,0,0,16924,1,23,1,9559,1,4520,1,16947,1,9559,1,48,1,0,0,0,0,0,0,0,1,5038,1,4521,1
164,5728300,4520,9559,28.989552,1240,0,10,9,108,34201,5000,4209,5694099,16,173,170,1,31170,1,100,1,1959959,1,435229,1,112066,1,3141948,1,13456,1,303565,1,12354,4,536434,4,79523,4,735358,4,1426440,8,2138272,108,19317,12,3316,1,26261,1,2936,1,3837,1,1393,2,5531,1,400632,1,19067,1,3998,1,0,0,0,0,0,0,0,0,16923,1,23,1,9559,1,4520,1,16946,1,9559,1,48,1,0,0,0,0,0,0,0,1,5039,1,4520,1
165,5700500,4519,9559,28.989582,1240,0,10,9,108,32221,1272,5250,5668279,16,173,30,1,31010,1,70,1,1949579,1,439638,1,113218,1,3124154,1,10580,1,312012,1,12574,4,533899,4,79433,4,721140,4,1421050,8,2116691,108,20249,12,3968,1,25339,1,2916,1,3687,1,1373,2,5491,1,406965,1,18135,1,4018,1,0,0,0,0,0,0,0,0,16924,1,24,1,9559,1,4519,1,16948,1,9559,1,48,1,0,0,0,0,0,0,0,1,5037,1,4522,1
166,5883700,4516,9559,28.989613,1240,0,10,9,108,33856,1513,3848,5849844,16,173,80,1,31751,1,40,1,1966412,1,430194,1,139048,1,3271448,1,10871,1,365385,1,12925,4,578295,4,82048,4,773361,4,1414658,8,2164813,108,19357,12,2966,1,25569,1,2876,1,4849,1,1703,2,5300,1,388644,1,20379,1,4779,1,0,0,0,0,0,0,0,0,16926,1,23,1,9559,1,4516,1,16949,1,9559,1,48,1,0,0,0,0,0,0,0,1,5040,1,4519,1
167,5811800,4518,9559,28.989645,1240,0,10,9,108,34861,1362,4098,5776939,16,173,100,1,31060,1,50,1,1965490,1,436732,1,112347,1,3217875,1,13286,1,310940,1,12474,4,533940,4,80195,4,787659,4,1447872,8,2211925,108,19508,12,3226,1,26331,1,2906,1,3948,1,1473,2,5551,1,401454,1,20179,1,4228,1,0,0,0,0,0,0,0,0,16939,1,23,1,9559,1,4518,1,16962,1,9559,1,48,1,0,0,0,0,0,0,0,1,5039,1,4520,1
168,5792700,4518,9559,28.989676,1240,0,10,9,108,33215,1373,3728,5759485,16,173,150,1,31330,1,10,1,1957084,1,436732,1,112717,1,3208176,1,13286,1,304768,1,12214,4,534611,4,79333,4,768953,4,1464223,8,2209529,108,19918,12,3346,1,25309,1,2886,1,3867,1,1363,2,5931,1,402857,1,19157,1,3988,1,0,0,0,0,0,0,0,0,16942,1,24,1,9559,1,4518,1,16966,1,9559,1,48,1,0,0,0,0,0,0,0,1,5040,1,4519,1
169,5776000,4514,9559,28.9897,1240,0,10,9,108,34479,1242,4188,5741521,16,173,70,1,27543,1,30,1,1952875,1,457632,1,110202,1,3179921,1,13246,1,297794,1,12364,4,538007,4,79824,4,754585,4,1452962,8,2183440,108,19918,12,2906,1,25169,1,4398,1,3727,1,1373,2,5571,1,426051,1,16492,1,3757,1,0,0,0,0,0,0,0,0,16948,1,24,1,9559,1,4514,1,16972,1,9559,1,48,1,0,0,0,0,0,0,0,1,5041,1,4518,1
170,5752600,4515,9559,28.989725,1240,0,10,9,108,32942,1192,4439,5719658,16,173,60,1,28044,1,30,1,1962284,1,439357,1,111244,1,3165333,1,13306,1,312182,1,12414,4,537116,4,79854,4,743413,4,1437892,8,2156838,108,20029,12,2906,1,24798,1,2856,1,3787,1,1303,2,5621,1,405241,1,18967,1,3938,1,0,0,0,0,0,0,0,0,16948,1,24,1,9559,1,4515,1,16972,1,9559,1,48,1,0,0,0,0,0,0,0,1,5042,1,4517,1
171,5771300,4512,9559,28.989754,1240,0,10,9,108,32595,1282,4489,5738705,16,173,40,1,28144,1,40,1,1971972,1,441381,1,111645,1,3172196,1,13286,1,304497,1,12775,4,537326,4,79804,4,753323,4,1442030,8,2170485,108,20379,12,2886,1,24818,1,2866,1,3827,1,1393,2,5370,1,406614,1,18906,1,5130,1,0,0,0,0,0,0,0,0,16956,1,24,1,9559,1,4512,1,16980,1,9559,1,48,1,0,0,0,0,0,0,0,1,5043,1,4516,1
172,5802300,4513,9559,28.98977,1240,0,10,9,108,31623,1333,4519,5770677,16,173,60,1,27954,1,30,1,1996600,1,405893,1,110373,1,3216342,1,13426,1,318043,1,12855,4,536955,4,80375,4,773181,4,1449294,8,2195924,108,22032,12,3186,1,26912,1,2905,1,4088,1,1383,2,5831,1,372949,1,19217,1,3667,1,0,0,0,0,0,0,0,0,16946,1,24,1,9559,1,4513,1,16970,1,9559,1,48,1,0,0,0,0,0,0,0,1,5046,1,4513,1
173,5853000,4515,9559,28.989801,1240,0,10,9,108,33419,1243,4209,5819581,16,173,30,1,27874,1,100,1,1969077,1,466369,1,110794,1,3232022,1,13316,1,304006,1,12093,4,538829,4,79734,4,776287,4,1477198,8,2229017,108,20259,12,3066,1,25830,1,2905,1,3747,1,1382,2,5701,1,433426,1,18846,1,3617,1,0,0,0,0,0,0,0,0,16956,1,24,1,9559,1,4515,1,16980,1,9559,1,48,1,0,0,0,0,0,0,0,1,5044,1,4515,1
174,5839100,4515,9559,28.989834,1240,0,10,9,108,32244,1162,3969,5806856,16,173,30,1,27924,1,30,1,1969177,1,423066,1,111024,1,3262260,1,13346,1,308625,1,12454,4,538598,4,79714,4,769123,4,1509661,8,2254546,108,20269,12,3196,1,25720,1,2906,1,3747,1,1353,2,6002,1,390643,1,18315,1,3707,1,0,0,0,0,0,0,0,0,16952,1,24,1,9559,1,4515,1,16976,1,9559,1,48,1,0,0,0,0,0,0,0,1,5042,1,4517,1
175,5748000,4515,9559,28.989851,1240,0,10,9,108,32500,1262,4029,5715500,16,173,10,1,27934,1,60,1,1970169,1,433857,1,111475,1,3158690,1,13306,1,306250,1,12684,4,538869,4,80044,4,744766,4,1432302,8,2150315,108,22724,12,3156,1,25930,1,2876,1,3747,1,1413,2,5390,1,401454,1,19468,1,3757,1,0,0,0,0,0,0,0,0,16951,1,27,1,9559,1,4515,1,16978,1,9559,1,48,1,0,0,0,0,0,0,0,1,5042,1,4517,1
176,5759200,4514,9559,28.989864,1240,0,10,9,108,31847,1182,4479,5727353,16,173,20,1,27804,1,50,1,1970830,1,442854,1,110403,1,3162077,1,13316,1,302163,1,12404,4,538368,4,79603,4,744135,4,1443563,8,2160635,108,22584,12,2886,1,24117,1,2916,1,3747,1,1393,2,5601,1,410231,1,19578,1,3817,1,0,0,0,0,0,0,0,0,16943,1,27,1,9559,1,4514,1,16970,1,9559,1,48,1,0,0,0,0,0,0,0,1,5044,1,4515,1
177,5735600,4516,9559,28.989883,1240,0,10,9,108,31201,1212,4279,5704399,16,173,30,1,28074,1,60,1,1965810,1,414940,1,110002,1,3172217,1,13266,1,304407,1,12224,4,538378,4,79343,4,760887,4,1435017,8,2169442,108,22183,12,2896,1,24527,1,2886,1,3727,1,1433,2,5280,1,382738,1,18315,1,3607,1,0,0,0,0,0,0,0,0,16944,1,27,1,9559,1,4516,1,16971,1,9559,1,48,1,0,0,0,0,0,0,0,1,5042,1,4517,1
178,5773900,4515,9559,28.989906,1240,0,10,9,108,30676,1213,4389,5743224,16,173,40,1,28204,1,50,1,1968365,1,432133,1,109932,1,3191283,1,13215,1,302714,1,12825,4,537977,4,79563,4,771989,4,1443994,8,2189551,108,22043,12,3156,1,24467,1,2815,1,3837,1,1343,2,5390,1,400713,1,18385,1,3958,1,0,0,0,0,0,0,0,0,16946,1,27,1,9559,1,4515,1,16973,1,9559,1,48,1,0,0,0,0,0,0,0,1,5041,1,4518,1
179,5798800,4515,9559,28.989923,1240,0,10,9,108,31129,1182,4088,5767671,16,173,30,1,27754,1,60,1,1965079,1,427995,1,110473,1,3222984,1,13296,1,303175,1,12654,4,538238,4,80024,4,767971,4,1478421,8,2220241,108,22063,12,3026,1,24487,1,2876,1,3797,1,1393,2,5741,1,395513,1,18335,1,3908,1,0,0,0,0,0,0,0,0,16936,1,27,1,9559,1,4515,1,16963,1,9559,1,48,1,0,0,0,0,0,0,0,1,5043,1,4516,1
180,5760700,4515,9559,28.98993,1240,0,10,9,108,32295,1122,4008,5728405,16,173,10,1,28054,1,60,1,1983555,1,434698,1,110182,1,3158520,1,13326,1,313334,1,12143,4,537687,4,79934,4,742682,4,1428184,8,2144224,108,22634,12,3306,1,26331,1,2876,1,3707,1,1403,2,5811,1,399691,1,19848,1,4078,1,0,0,0,0,0,0,0,0,16941,1,27,1,9559,1,4515,1,16968,1,9559,1,48,1,0,0,0,0,0,0,0,1,5043,1,4516,1
181,5758900,4517,9559,28.98993,1240,0,10,9,108,38510,1363,4218,5720390,16,173,130,1,30900,1,60,1,1971401,1,441722,1,113689,1,3151827,1,10661,1,308755,1,12715,4,536464,4,79273,4,739656,4,1431290,8,2140597,108,26130,12,2946,1,26020,1,2876,1,3717,1,1383,2,5370,1,407045,1,18686,1,3898,1,0,0,0,0,0,0,0,0,16935,1,31,1,9559,1,4517,1,16966,1,9559,1,48,1,0,0,0,0,0,0,0,1,5040,1,4519,1
182,5789400,4517,9559,28.98994,1240,0,10,9,108,31087,1132,3797,5758313,16,173,30,1,31411,1,60,1,1960781,1,426863,1,111585,1,3214278,1,13306,1,304217,1,12344,4,547716,4,79864,4,774604,4,1453232,8,2196906,108,27132,12,2896,1,24688,1,2855,1,3797,1,1393,2,5541,1,393889,1,18646,1,3877,1,0,0,0,0,0,0,0,0,16943,1,32,1,9559,1,4517,1,16975,1,9559,1,48,1,0,0,0,0,0,0,0,1,5039,1,4520,1
183,5815500,4516,9559,28.989958,1240,0,10,9,108,31478,1062,4559,5784022,16,173,40,1,27824,1,40,1,1967564,1,442112,1,112206,1,3220910,1,13326,1,318684,1,12394,4,539210,4,79924,4,778631,4,1449795,8,2196535,108,27333,12,3146,1,24367,1,2866,1,3747,1,1423,2,5661,1,408107,1,18405,1,3978,1,0,0,0,0,0,0,0,0,16946,1,32,1,9559,1,4516,1,16978,1,9559,1,48,1,0,0,0,0,0,0,0,1,5042,1,4517,1
184,5824700,4516,9559,28.98997,1240,0,10,9,108,31820,1162,4109,5792880,16,173,30,1,27934,1,50,1,1968476,1,445058,1,111144,1,3226852,1,13336,1,302403,1,12394,4,538789,4,80375,4,775676,4,1474713,8,2215691,108,30589,12,3136,1,24658,1,2866,1,3747,1,1393,2,5541,1,413247,1,18496,1,3687,1,0,0,0,0,0,0,0,0,16941,1,36,1,9559,1,4516,1,16977,1,9559,1,48,1,0,0,0,0,0,0,0,1,5040,1,4519,1
185,5817100,4514,9559,28.989977,1240,0,10,9,108,32166,1192,4259,5784934,16,173,10,1,28525,1,60,1,1969387,1,437854,1,110473,1,3225329,1,13296,1,303956,1,12755,4,537426,4,80094,4,765436,4,1483320,8,2217856,108,26641,12,2906,1,24728,1,2926,1,3847,1,1463,2,5280,1,405492,1,18085,1,3687,1,0,0,0,0,0,0,0,0,16944,1,32,1,9559,1,4514,1,16976,1,9559,1,48,1,0,0,0,0,0,0,0,1,5043,1,4516,1
186,5754800,4515,9559,28.98999,1240,0,10,9,108,31755,1203,4449,5723045,16,173,10,1,27984,1,70,1,1970089,1,432764,1,109772,1,3169131,1,13226,1,317051,1,12404,4,538298,4,79784,4,742321,4,1436019,8,2147510,108,26381,12,3116,1,25189,1,2915,1,3767,1,1403,2,5661,1,401444,1,18235,1,3918,1,0,0,0,0,0,0,0,0,16950,1,32,1,9559,1,4515,1,16982,1,9559,1,48,1,0,0,0,0,0,0,0,1,5043,1,4516,1
187,5738100,4516,9559,28.990005,1240,0,10,9,108,31717,1143,4099,5706383,16,173,20,1,27824,1,30,1,1966772,1,427474,1,110273,1,3160764,1,13226,1,302463,1,12514,4,537717,4,79864,4,750036,4,1435919,8,2159212,108,22644,12,2856,1,24678,1,2865,1,3908,1,1403,2,5400,1,395553,1,17664,1,3787,1,0,0,0,0,0,0,0,0,16958,1,28,1,9559,1,4516,1,16986,1,9559,1,48,1,0,0,0,0,0,0,0,1,5042,1,4517,1
188,5749700,4519,9559,28.990013,1240,0,10,9,108,34751,1182,4118,5714949,16,173,40,1,27854,1,60,1,1967654,1,418427,1,110854,1,3176755,1,13306,1,305519,1,12634,4,537015,4,79854,4,769043,4,1429266,8,2171086,108,23105,12,3156,1,24998,1,2896,1,4048,1,1373,2,5771,1,387197,1,16752,1,3687,1,0,0,0,0,0,0,0,0,16958,1,28,1,9559,1,4519,1,16986,1,9559,1,48,1,0,0,0,0,0,0,0,1,5039,1,4520,1
189,5797200,4519,9559,28.990015,1240,0,10,9,108,32244,1192,4179,5764956,16,173,20,1,28104,1,80,1,1969127,1,425340,1,111575,1,3217384,1,13326,1,306741,1,12544,4,538869,4,80114,4,771267,4,1465175,8,2205762,108,26501,12,3156,1,24617,1,2896,1,3867,1,1373,2,5571,1,394200,1,17884,1,3887,1,0,0,0,0,0,0,0,0,16956,1,32,1,9559,1,4519,1,16988,1,9559,1,48,1,0,0,0,0,0,0,0,1,5039,1,4520,1
190,5901200,4519,9559,28.990025,1240,0,10,9,108,32975,1282,4589,5868225,16,173,30,1,28174,1,120,1,1969487,1,431362,1,110944,1,3314691,1,13416,1,307773,1,12204,4,538719,4,79784,4,763693,4,1561631,8,2296698,108,24036,12,6322,1,28525,1,3256,1,3847,1,1373,2,6282,1,397136,1,20029,1,3727,1,0,0,0,0,0,0,0,0,16964,1,28,1,9559,1,4519,1,16992,1,9559,1,48,1,0,0,0,0,0,0,0,1,5038,1,4521,1
191,5756900,4520,9559,28.99004,1240,0,10,9,108,34306,1272,3988,5722594,16,173,20,1,31280,1,50,1,1971511,1,437554,1,110683,1,3158220,1,13276,1,312593,1,12163,4,536565,4,79764,4,743153,4,1430368,8,2143202,108,26331,12,2866,1,25980,1,2886,1,3707,1,1393,2,5511,1,405061,1,18476,1,3657,1,0,0,0,0,0,0,0,0,16962,1,32,1,9559,1,4520,1,16994,1,9559,1,48,1,0,0,0,0,0,0,0,1,5038,1,4521,1
192,5735800,4522,9559,28.990047,1240,0,10,9,108,31902,1222,4369,5703898,16,173,70,1,27122,1,70,1,1966512,1,432474,1,110453,1,3153901,1,13296,1,305289,1,12093,4,537577,4,79684,4,743674,4,1432472,8,2145476,108,26301,12,2845,1,24808,1,2896,1,3887,1,1363,2,6092,1,401244,1,17564,1,3867,1,0,0,0,0,0,0,0,0,16969,1,32,1,9559,1,4522,1,17001,1,9559,1,48,1,0,0,0,0,0,0,0,1,5037,1,4522,1
193,5765000,4521,9559,28.990053,1240,0,10,9,108,31555,1213,4149,5733445,16,173,30,1,28004,1,50,1,1971201,1,421733,1,110303,1,3188788,1,13336,1,310268,1,12374,4,537366,4,82869,4,765185,4,1438343,8,2172688,108,26691,12,2906,1,24327,1,2886,1,4138,1,1383,2,5531,1,389010,1,18305,1,3787,1,0,0,0,0,0,0,0,0,16970,1,32,1,9559,1,4521,1,17002,1,9559,1,48,1,0,0,0,0,0,0,0,1,5037,1,4522,1
194,5783400,4522,9559,28.990055,1240,0,10,9,108,31930,1242,3808,5751470,16,173,40,1,27794,1,90,1,1967934,1,446952,1,110844,1,3184560,1,13256,1,311851,1,12654,4,536284,4,80185,4,763202,4,1437933,8,2168351,108,28976,12,3136,1,24407,1,2845,1,3847,1,1363,2,5611,1,415371,1,18506,1,3687,1,0,0,0,0,0,0,0,0,16974,1,36,1,9559,1,4522,1,17010,1,9559,1,48,1,0,0,0,0,0,0,0,1,5035,1,4524,1
195,5817300,4521,9559,28.99006,1240,0,10,9,108,31224,1282,3978,5786076,16,173,40,1,27914,1,70,1,1966391,1,445940,1,110253,1,3222183,1,13286,1,311521,1,12674,4,537536,4,80034,4,770085,4,1467810,8,2204861,108,29056,12,3176,1,24297,1,2916,1,3807,1,1373,2,5671,1,413187,1,18265,1,3988,1,0,0,0,0,0,0,0,0,16966,1,36,1,9559,1,4521,1,17002,1,9559,1,48,1,0,0,0,0,0,0,0,1,5036,1,4523,1
196,5756900,4522,9559,28.99006,1240,0,10,9,108,34897,1173,4038,5722003,16,173,20,1,27944,1,60,1,1970149,1,445018,1,111866,1,3153701,1,13246,1,318705,1,12284,4,537757,4,79733,4,737973,4,1425549,8,2130288,108,29196,12,2896,1,24197,1,2915,1,3707,1,1373,2,5440,1,411253,1,18195,1,3667,1,0,0,0,0,0,0,0,0,16971,1,36,1,9559,1,4522,1,17007,1,9559,1,48,1,0,0,0,0,0,0,0,1,5035,1,4524,1
197,5750100,4523,9559,28.990076,1240,0,10,9,108,32155,1242,4299,5717945,16,173,30,1,27944,1,70,1,1966051,1,430480,1,111705,1,3168329,1,13336,1,305198,1,12464,4,538408,4,79503,4,745558,4,1444726,8,2154033,108,31952,12,2956,1,24587,1,2856,1,3707,1,1403,2,5721,1,398288,1,18616,1,3958,1,0,0,0,0,0,0,0,0,16965,1,40,1,9559,1,4523,1,17005,1,9559,1,48,1,0,0,0,0,0,0,0,1,5035,1,4524,1
198,5733800,4523,9559,28.990084,1240,0,10,9,108,30984,1303,4339,5702816,16,173,30,1,28264,1,60,1,1971592,1,417194,1,111806,1,3160584,1,13286,1,304347,1,12404,4,537587,4,79493,4,752451,4,1433474,8,2149725,108,31861,12,2896,1,23014,1,2845,1,3727,1,1402,2,5641,1,384131,1,18596,1,3837,1,0,0,0,0,0,0,0,0,16961,1,40,1,9559,1,4523,1,17001,1,9559,1,48,1,0,0,0,0,0,0,0,1,5034,1,4525,1
199,5728700,4524,9559,28.990086,1240,0,10,9,108,32116,1253,4288,5696584,16,173,30,1,28054,1,60,1,1971682,1,400873,1,111836,1,3170864,1,13185,1,301842,1,12484,4,537426,4,80305,4,759795,4,1436560,8,2162810,108,29256,12,3146,1,24367,1,2876,1,3757,1,1333,2,5721,1,371376,1,16842,1,3537,1,0,0,0,0,0,0,0,0,16962,1,36,1,9559,1,4524,1,16998,1,9559,1,48,1,0,0,0,0,0,0,0,1,5034,1,4525,1
200,5776900,4522,9559,28.990088,1240,0,10,9,108,31873,1242,4129,5745027,16,173,30,1,27874,1,70,1,1968796,1,440610,1,110844,1,3183518,1,13286,1,302814,1,12314,4,535082,4,79644,4,762260,4,1449475,8,2178319,108,29286,12,2906,1,24297,1,2876,1,3857,1,1292,2,5461,1,408407,1,17945,1,3677,1,0,0,0,0,0,0,0,0,16960,1,36,1,9559,1,4522,1,16996,1,9559,1,48,1,0,0,0,0,0,0,0,1,5035,1,4524,1
201,5766500,4522,9559,28.990097,1240,0,10,9,108,31973,1243,4098,5734527,16,173,20,1,28114,1,100,1,1970029,1,435349,1,111405,1,3176284,1,13226,1,304016,1,12715,4,536274,4,79353,4,759344,4,1442061,8,2168000,108,29307,12,3156,1,24527,1,2875,1,3727,1,1403,2,5591,1,402236,1,19858,1,3797,1,0,0,0,0,0,0,0,0,16962,1,36,1,9559,1,4522,1,16998,1,9559,1,48,1,0,0,0,0,0,0,0,1,5036,1,4523,1
202,5702400,4521,9559,28.99011,1240,0,10,9,108,31446,1222,4499,5670954,16,173,30,1,27844,1,60,1,1971341,1,421653,1,111425,1,3125366,1,13236,1,303165,1,12574,4,534621,4,79433,4,734877,4,1419247,8,2123935,108,25690,12,2835,1,23876,1,2876,1,3747,1,1363,2,5531,1,390453,1,18215,1,3647,1,0,0,0,0,0,0,0,0,16968,1,32,1,9559,1,4521,1,17000,1,9559,1,48,1,0,0,0,0,0,0,0,1,5037,1,4522,1
203,5711500,4525,9559,28.990112,1240,0,10,9,108,31238,1132,4109,5680262,16,173,30,1,28064,1,30,1,1959889,1,419399,1,111625,1,3147870,1,13356,1,303295,1,12654,4,538178,4,79563,4,759074,4,1412504,8,2142330,108,25138,12,3156,1,24788,1,2866,1,3767,1,1343,2,5551,1,388269,1,18245,1,3707,1,0,0,0,0,0,0,0,0,16979,1,32,1,9559,1,4525,1,17011,1,9559,1,48,1,0,0,0,0,0,0,0,1,5033,1,4526,1
204,5835300,4526,9559,28.990108,1240,0,10,9,108,33323,1232,3918,5801977,16,173,10,1,28054,1,60,1,1969157,1,442814,1,112497,1,3236100,1,13286,1,317552,1,12354,4,537927,4,79864,4,768301,4,1476617,8,2212205,108,28796,12,3146,1,24137,1,2906,1,5190,1,1363,2,5511,1,409900,1,18666,1,3627,1,0,0,0,0,0,0,0,0,16986,1,36,1,9559,1,4526,1,17022,1,9559,1,48,1,0,0,0,0,0,0,0,1,5032,1,4527,1
205,5732700,4524,9559,28.990114,1240,0,10,9,108,32249,1272,3848,5700451,16,173,20,1,28074,1,50,1,1969778,1,433857,1,112086,1,3143291,1,13296,1,304397,1,12614,4,538128,4,79784,4,741991,4,1424306,8,2133202,108,29246,12,3036,1,24467,1,2886,1,3687,1,1413,2,5310,1,402306,1,18706,1,3647,1,0,0,0,0,0,0,0,0,16972,1,36,1,9559,1,4524,1,17008,1,9559,1,48,1,0,0,0,0,0,0,0,1,5033,1,4526,1
206,5756500,4523,9559,28.99012,1240,0,10,9,108,31652,1213,4119,5724848,16,173,10,1,27864,1,40,1,1970670,1,443295,1,111766,1,3157839,1,13366,1,303335,1,12755,4,538178,4,80195,4,742622,4,1439085,8,2148181,108,29407,12,2886,1,24257,1,2865,1,3757,1,1392,2,5300,1,410982,1,18225,1,3617,1,0,0,0,0,0,0,0,0,16977,1,36,1,9559,1,4523,1,17013,1,9559,1,48,1,0,0,0,0,0,0,0,1,5035,1,4524,1
207,5748200,4523,9559,28.990118,1240,0,10,9,108,31728,1282,3557,5716472,16,173,30,1,28234,1,100,1,1973946,1,435089,1,110673,1,3155003,1,13396,1,302453,1,12534,4,537156,4,82088,4,765326,4,1413425,8,2145266,108,29928,12,2876,1,24317,1,2876,1,3747,1,1333,2,5591,1,404981,1,16852,1,3968,1,0,0,0,0,0,0,0,0,16970,1,36,1,9559,1,4523,1,17006,1,9559,1,48,1,0,0,0,0,0,0,0,1,5035,1,4524,1
208,5741900,4523,9559,28.990112,1240,0,10,9,108,32151,1162,4028,5709749,16,173,40,1,27954,1,60,1,1967343,1,430350,1,111285,1,3159452,1,13266,1,304447,1,12524,4,537066,4,80084,4,757180,4,1425499,8,2148923,108,29727,12,3136,1,24828,1,2876,1,3767,1,1313,2,5571,1,398037,1,19197,1,3717,1,0,0,0,0,0,0,0,0,16969,1,36,1,9559,1,4523,1,17005,1,9559,1,48,1,0,0,0,0,0,0,0,1,5036,1,4523,1
209,5836100,4522,9559,28.990116,1240,0,10,9,108,33567,1253,4309,5802533,16,173,30,1,27373,1,70,1,1968425,1,428105,1,111064,1,3254029,1,13436,1,313975,1,12284,4,537025,4,80154,4,758072,4,1502993,8,2226688,108,30068,12,6422,1,27323,1,3296,1,3807,1,1403,2,6022,1,396284,1,17764,1,3567,1,0,0,0,0,0,0,0,0,16966,1,36,1,9559,1,4522,1,17002,1,9559,1,48,1,0,0,0,0,0,0,0,1,5035,1,4524,1
210,5723200,4522,9559,28.990122,1240,0,10,9,108,38529,1333,7235,5684671,16,173,190,1,31581,1,80,1,1978365,1,438576,1,113449,1,3109125,1,13306,1,308014,1,12564,4,537967,4,80225,4,723074,4,1401933,8,2088416,108,29357,12,3226,1,26451,1,2936,1,4268,1,1403,2,5731,1,404350,1,19748,1,3437,1,0,0,0,0,0,0,0,0,16964,1,36,1,9559,1,4522,1,17000,1,9559,1,48,1,0,0,0,0,0,0,0,1,5036,1,4523,1
211,5672800,4523,9559,28.990128,1240,0,10,9,108,31583,1192,4369,5641217,16,173,30,1,31190,1,70,1,1960210,1,427775,1,112868,1,3095749,1,13326,1,304116,1,12554,4,534611,4,79052,4,724838,4,1397615,8,2089448,108,28635,12,2906,1,25529,1,2856,1,3717,1,1383,2,5380,1,393990,1,18556,1,3677,1,0,0,0,0,0,0,0,0,16963,1,36,1,9559,1,4523,1,16999,1,9559,1,48,1,0,0,0,0,0,0,0,1,5036,1,4523,1
212,5798700,4523,9559,28.990124,1240,0,10,9,108,33804,1212,4288,5764896,16,173,70,1,27824,1,50,1,1969447,1,423166,1,111766,1,3219167,1,13406,1,307814,1,13095,4,538869,4,79754,4,774413,4,1460797,8,2197617,108,33304,12,3056,1,26541,1,2906,1,3837,1,1423,2,5451,1,389691,1,18686,1,3707,1,0,0,0,0,0,0,0,0,16961,1,40,1,9559,1,4523,1,17001,1,9559,1,48,1,0,0,0,0,0,0,0,1,5034,1,4525,1
213,5760500,4523,9559,28.99013,1240,0,10,9,108,31153,1302,4199,5729347,16,173,20,1,27643,1,50,1,1962033,1,436792,1,111044,1,3178479,1,13286,1,302894,1,13125,4,537206,4,79914,4,761388,4,1440447,8,2164673,108,32964,12,3146,1,25449,1,2886,1,3757,1,1313,2,5651,1,404891,1,18716,1,3637,1,0,0,0,0,0,0,0,0,16963,1,40,1,9559,1,4523,1,17003,1,9559,1,48,1,0,0,0,0,0,0,0,1,5036,1,4523,1
214,5803800,4524,9559,28.990137,1240,0,10,9,108,31701,1573,4148,5772099,16,173,180,1,32042,1,60,1,1976321,1,436672,1,114761,1,3201082,1,10981,1,318674,1,12274,4,535182,4,79273,4,755817,4,1456568,8,2176186,108,32052,12,3016,1,25189,1,2856,1,3857,1,1443,2,5360,1,400001,1,19367,1,3677,1,0,0,0,0,0,0,0,0,16965,1,40,1,9559,1,4524,1,17005,1,9559,1,48,1,0,0,0,0,0,0,0,1,5035,1,4524,1
215,5692800,4524,9559,28.990137,1240,0,10,9,108,35432,1222,4058,5657368,16,173,40,1,31150,1,60,1,1958126,1,437914,1,112417,1,3104386,1,13276,1,302904,1,12554,4,537076,4,79143,4,726080,4,1404538,8,2094478,108,32082,12,3036,1,24237,1,2916,1,3867,1,1303,2,5511,1,404991,1,18546,1,3837,1,0,0,0,0,0,0,0,0,16967,1,40,1,9559,1,4524,1,17007,1,9559,1,48,1,0,0,0,0,0,0,0,1,5035,1,4524,1
216,5694300,4526,9559,28.990137,1240,0,10,9,108,32804,1192,3989,5661496,16,173,60,1,28264,1,20,1,1965510,1,432805,1,110864,1,3110668,1,13306,1,307473,1,12494,4,536585,4,79674,4,734276,4,1398386,8,2097143,108,31531,12,2876,1,24407,1,2845,1,3717,1,1373,2,5370,1,401554,1,18045,1,3807,1,0,0,0,0,0,0,0,0,16971,1,40,1,9559,1,4526,1,17011,1,9559,1,48,1,0,0,0,0,0,0,0,1,5033,1,4526,1
217,5741600,4524,9559,28.990143,1240,0,10,9,108,31731,1202,3767,5709869,16,173,50,1,28184,1,20,1,1968365,1,436552,1,112467,1,3150935,1,13296,1,310118,1,12574,4,537176,4,79664,4,753232,4,1415960,8,2133794,108,31631,12,3156,1,24297,1,2876,1,3777,1,1373,2,5531,1,404440,1,17905,1,3747,1,0,0,0,0,0,0,0,0,16971,1,40,1,9559,1,4524,1,17011,1,9559,1,48,1,0,0,0,0,0,0,0,1,5033,1,4526,1
218,5762700,4525,9559,28.990149,1240,0,10,9,108,32141,1172,3938,5730559,16,173,50,1,27954,1,20,1,1972143,1,435269,1,111846,1,3170002,1,13276,1,310980,1,12624,4,536074,4,79734,4,751739,4,1437081,8,2153152,108,31731,12,2896,1,24377,1,2876,1,3737,1,1353,2,5360,1,403197,1,17975,1,3687,1,0,0,0,0,0,0,0,0,16980,1,40,1,9559,1,4525,1,17020,1,9559,1,48,1,0,0,0,0,0,0,0,1,5033,1,4526,1
219,5727100,4524,9559,28.990149,1240,0,10,9,108,33281,3477,4169,5693819,16,173,110,1,31250,1,70,1,1999706,1,433977,1,113549,1,3101981,1,13175,1,311731,1,12204,4,536895,4,79834,4,721231,4,1392986,8,2078296,108,31751,12,3737,1,26020,1,2966,1,4088,1,1373,2,5440,1,400282,1,18185,1,3687,1,0,0,0,0,0,0,0,0,16981,1,40,1,9559,1,4524,1,17021,1,9559,1,48,1,0,0,0,0,0,0,0,1,5034,1,4525,1
220,5802700,4523,9559,28.990152,1240,0,10,9,108,33812,1343,4219,5768888,16,173,40,1,31260,1,70,1,1960129,1,439568,1,111906,1,3212539,1,13376,1,302052,1,12474,4,535803,4,83671,4,784838,4,1445086,8,2192933,108,32773,12,4368,1,28034,1,3417,1,3707,1,1352,2,6392,1,408778,1,17824,1,3647,1,0,0,0,0,0,0,0,0,16980,1,40,1,9559,1,4523,1,17020,1,9559,1,48,1,0,0,0,0,0,0,0,1,5035,1,4524,1
221,5730500,4522,9559,28.99016,1240,0,10,9,108,33155,1333,3798,5697345,16,173,90,1,31391,1,60,1,1968385,1,414730,1,114160,1,3155174,1,13356,1,322622,1,12484,4,536825,4,79844,4,751810,4,1407764,8,2124045,108,31731,12,3116,1,25810,1,2906,1,3908,1,1292,2,5461,1,380724,1,19287,1,3547,1,0,0,0,0,0,0,0,0,16978,1,40,1,9559,1,4522,1,17018,1,9559,1,48,1,0,0,0,0,0,0,0,1,5036,1,4523,1
222,5767300,4522,9559,28.990164,1240,0,10,9,108,32262,1202,4038,5735038,16,173,60,1,28264,1,70,1,1968175,1,426282,1,114761,1,3184109,1,13316,1,304968,1,12334,4,537757,4,80305,4,759504,4,1447000,8,2170225,108,32242,12,3186,1,24357,1,2856,1,3697,1,1403,2,5541,1,392156,1,18395,1,3687,1,0,0,0,0,0,0,0,0,16976,1,40,1,9559,1,4522,1,17016,1,9559,1,48,1,0,0,0,0,0,0,0,1,5037,1,4522,1
223,5815200,4520,9559,28.990162,1240,0,10,9,108,31939,1313,4479,5783261,16,173,120,1,28134,1,50,1,1969998,1,428977,1,114571,1,3228024,1,13386,1,308445,1,12985,4,539721,4,79904,4,764163,4,1478441,8,2209219,108,28906,12,3146,1,26621,1,2905,1,3677,1,1383,2,5320,1,395953,1,17915,1,3827,1,0,0,0,0,0,0,0,0,16977,1,36,1,9559,1,4520,1,17013,1,9559,1,48,1,0,0,0,0,0,0,0,1,5035,1,4524,1
224,5710200,4521,9559,28.99016,1240,0,10,9,108,31120,1232,4188,5679080,16,173,10,1,27814,1,60,1,1970990,1,439918,1,111345,1,3115677,1,13266,1,324957,1,12284,4,538719,4,80004,4,721301,4,1395421,8,2083657,108,28876,12,3146,1,24888,1,2906,1,3827,1,1413,2,5581,1,405682,1,19758,1,4699,1,0,0,0,0,0,0,0,0,16971,1,36,1,9559,1,4521,1,17007,1,9559,1,48,1,0,0,0,0,0,0,0,1,5038,1,4521,1
225,5699000,4522,9559,28.990166,1240,0,11,9,108,31342,1173,4359,5667658,16,185,20,1,27884,1,50,1,1972042,1,411954,1,111485,1,3131097,1,13125,1,305760,1,12454,4,538438,4,79353,4,739386,4,1414357,8,2116631,108,32753,24,2926,1,24016,1,2825,1,3727,1,1403,2,5280,1,379892,1,18055,1,3597,1,0,0,0,0,0,0,0,0,16973,1,40,1,9559,1,4522,1,17013,1,9559,1,48,1,0,0,0,0,0,0,0,1,5036,1,4523,1
226,5779200,4521,9559,28.990166,1240,0,11,9,108,32029,1253,4188,5747171,16,185,10,1,27784,1,40,1,1961222,1,471068,1,111365,1,3162147,1,13536,1,304327,1,12674,4,538879,4,79603,4,765927,4,1418235,8,2148112,108,31861,24,3016,1,24648,1,2845,1,3847,1,1363,2,5531,1,438796,1,17975,1,3747,1,0,0,0,0,0,0,0,0,16968,1,40,1,9559,1,4521,1,17008,1,9559,1,48,1,0,0,0,0,0,0,0,1,5037,1,4522,1
227,5771100,4522,9559,28.990166,1240,0,11,9,108,32325,1143,4539,5738775,16,185,20,1,27293,1,10,1,1968395,1,432093,1,110293,1,3187456,1,13215,1,304307,1,12494,4,538669,4,79794,4,761829,4,1448543,8,2173260,108,32573,24,3156,1,23966,1,2885,1,3777,1,1433,2,5461,1,401214,1,17844,1,3687,1,0,0,0,0,0,0,0,0,16980,1,40,1,9559,1,4522,1,17020,1,9559,1,48,1,0,0,0,0,0,0,0,1,5037,1,4522,1
228,5703600,4521,9559,28.990168,1240,0,11,9,108,32175,1222,4529,5671425,16,185,80,1,27904,1,80,1,1967243,1,441411,1,110673,1,3110788,1,13246,1,304607,1,12444,4,538598,4,79433,4,728535,4,1404037,8,2095670,108,32372,24,3296,1,24978,1,2886,1,3928,1,1403,2,5420,1,409680,1,17674,1,3507,1,0,0,0,0,0,0,0,0,16979,1,40,1,9559,1,4521,1,17019,1,9559,1,48,1,0,0,0,0,0,0,0,1,5037,1,4522,1
229,5751200,4519,9559,28.990175,1240,0,11,9,108,31622,1182,4419,5719578,16,185,10,1,27984,1,60,1,1981000,1,434638,1,111816,1,3150755,1,13316,1,311611,1,12314,4,539140,4,79904,4,738494,4,1426030,8,2127733,108,32372,24,2886,1,25980,1,2876,1,3867,1,1363,2,5110,1,402977,1,18275,1,3447,1,0,0,0,0,0,0,0,0,16977,1,40,1,9559,1,4519,1,17017,1,9559,1,48,1,0,0,0,0,0,0,0,1,5038,1,4521,1
230,5734500,4521,9559,28.990171,1240,0,11,9,108,30512,1123,4298,5703988,16,185,50,1,28214,1,40,1,1972353,1,411664,1,112577,1,3165774,1,13316,1,306311,1,12434,4,538799,4,79994,4,765015,4,1420309,8,2145387,108,35639,24,3026,1,25058,1,2895,1,3887,1,1372,2,5551,1,378370,1,19127,1,3867,1,0,0,0,0,0,0,0,0,16974,1,44,1,9559,1,4521,1,17018,1,9559,1,48,1,0,0,0,0,0,0,0,1,5038,1,4521,1
231,5752800,4522,9559,28.990166,1240,0,11,9,108,31599,1302,4509,5721201,16,185,40,1,27984,1,40,1,1967434,1,438265,1,111986,1,3162237,1,13215,1,302373,1,12023,4,539961,4,79904,4,756849,4,1428084,8,2144555,108,35869,24,3216,1,24998,1,2856,1,3737,1,1413,2,5521,1,407165,1,18335,1,3597,1,0,0,0,0,0,0,0,0,16973,1,44,1,9559,1,4522,1,17017,1,9559,1,48,1,0,0,0,0,0,0,0,1,5036,1,4523,1
232,5713400,4523,9559,28.990173,1240,0,11,9,108,31995,1252,4399,5681405,16,185,10,1,27864,1,40,1,1966271,1,429919,1,112256,1,3131708,1,13336,1,318504,1,12264,4,537577,4,79303,4,732011,4,1409438,8,2104828,108,32222,24,3166,1,24768,1,2866,1,3787,1,1393,2,5380,1,396184,1,18395,1,3657,1,0,0,0,0,0,0,0,0,16986,1,40,1,9559,1,4523,1,17026,1,9559,1,48,1,0,0,0,0,0,0,0,1,5035,1,4524,1
233,5725600,4527,9559,28.990175,1240,0,11,9,108,31270,1222,4138,5694330,16,185,40,1,28114,1,10,1,1971101,1,432133,1,112116,1,3137419,1,13396,1,304547,1,12634,4,538478,4,79984,4,737522,4,1421100,8,2119066,108,35418,24,2876,1,25860,1,2896,1,3777,1,1343,2,5180,1,398188,1,19047,1,3807,1,0,0,0,0,0,0,0,0,16992,1,44,1,9559,1,4527,1,17036,1,9559,1,48,1,0,0,0,0,0,0,0,1,5032,1,4527,1
234,5724100,4523,9559,28.990168,1240,0,11,9,108,31123,1163,4539,5692977,16,185,10,1,28435,1,60,1,1971040,1,404229,1,112447,1,3163560,1,13195,1,304006,1,12254,4,537276,4,79473,4,771247,4,1417022,8,2148152,108,35579,24,3026,1,24537,1,2876,1,3837,1,1392,2,5451,1,373230,1,18095,1,3547,1,0,0,0,0,0,0,0,0,16988,1,44,1,9559,1,4523,1,17032,1,9559,1,48,1,0,0,0,0,0,0,0,1,5031,1,4528,1
235,5771200,4525,9559,28.99017,1240,0,11,9,108,32094,1252,4599,5739106,16,185,30,1,28174,1,30,1,1968566,1,425310,1,111836,1,3191824,1,13336,1,303635,1,12414,4,536765,4,79413,4,765767,4,1451659,8,2177488,108,35338,24,3156,1,24237,1,2856,1,3747,1,1353,2,5571,1,393789,1,17424,1,3537,1,0,0,0,0,0,0,0,0,16992,1,44,1,9559,1,4525,1,17036,1,9559,1,48,1,0,0,0,0,0,0,0,1,5033,1,4526,1
236,5770500,4525,9559,28.990175,1240,0,11,9,108,32767,1242,3717,5737733,16,185,70,1,28054,1,30,1,1969297,1,430039,1,112026,1,3184891,1,13326,1,302603,1,12514,4,537346,4,79423,4,751128,4,1459825,8,2171487,108,35749,24,2906,1,24407,1,2876,1,3707,1,1373,2,5541,1,397026,1,18916,1,3577,1,0,0,0,0,0,0,0,0,16990,1,44,1,9559,1,4525,1,17034,1,9559,1,48,1,0,0,0,0,0,0,0,1,5032,1,4527,1
237,5715200,4526,9559,28.990175,1240,0,11,9,108,32693,1202,4009,5682507,16,185,10,1,28084,1,60,1,1972293,1,431402,1,111024,1,3126288,1,13346,1,301892,1,12424,4,538488,4,79453,4,733514,4,1418465,8,2108154,108,39817,24,2936,1,24347,1,2866,1,3928,1,1373,2,5400,1,401113,1,17253,1,3777,1,0,0,0,0,0,0,0,0,16991,1,48,1,9559,1,4526,1,17039,1,9559,1,48,1,0,0,0,0,0,0,0,1,5033,1,4526,1
238,5721100,4525,9559,28.990175,1240,0,11,9,108,31329,1283,3958,5689771,16,185,20,1,27864,1,100,1,1971672,1,431682,1,111755,1,3133332,1,13346,1,304417,1,12875,4,537967,4,80034,4,739887,4,1416571,8,2116160,108,36340,24,2896,1,24207,1,2865,1,3787,1,1393,2,5150,1,398659,1,18756,1,3827,1,0,0,0,0,0,0,0,0,16997,1,44,1,9559,1,4525,1,17041,1,9559,1,48,1,0,0,0,0,0,0,0,1,5033,1,4526,1
239,5731500,4524,9559,28.990175,1240,0,11,9,108,35076,1192,4229,5696424,16,185,20,1,27924,1,70,1,1967323,1,422565,1,111144,1,3154051,1,13326,1,319586,1,12664,4,536184,4,79543,4,749265,4,1412333,8,2121099,108,36270,24,3176,1,26671,1,2926,1,3757,1,1303,2,5451,1,391695,1,18115,1,3657,1,0,0,0,0,0,0,0,0,16995,1,44,1,9559,1,4524,1,17039,1,9559,1,48,1,0,0,0,0,0,0,0,1,5034,1,4525,1
240,5752400,4524,9559,28.990175,1240,0,11,9,108,33904,1333,4880,5718496,16,185,20,1,28204,1,70,1,1969317,1,406724,1,111976,1,3188919,1,13266,1,300810,1,12514,4,537546,4,79443,4,758002,4,1458873,8,2175975,108,36019,24,2946,1,24147,1,2916,1,3717,1,1423,2,5250,1,374953,1,18626,1,3817,1,0,0,0,0,0,0,0,0,17006,1,44,1,9559,1,4524,1,17050,1,9559,1,48,1,0,0,0,0,0,0,0,1,5035,1,4524,1
241,5700400,4521,9559,28.990175,1240,0,11,9,108,32221,1222,4439,5668179,16,185,10,1,28094,1,100,1,1969968,1,429678,1,111004,1,3116008,1,13316,1,305880,1,12133,4,538578,4,79694,4,729016,4,1408185,8,2097363,108,35398,24,3016,1,24678,1,2866,1,3958,1,1353,2,5430,1,396665,1,18686,1,3867,1,0,0,0,0,0,0,0,0,16992,1,44,1,9559,1,4521,1,17036,1,9559,1,48,1,0,0,0,0,0,0,0,1,5035,1,4524,1
242,5765800,4520,9559,28.990175,1240,0,11,9,108,31914,1203,4429,5733886,16,185,120,1,27914,1,40,1,1971822,1,440720,1,110844,1,3169161,1,13266,1,304146,1,12574,4,537466,4,79944,4,773782,4,1419297,8,2153081,108,35569,24,2876,1,24698,1,2896,1,3747,1,1322,2,5210,1,407646,1,19017,1,3667,1,0,0,0,0,0,0,0,0,17003,1,44,1,9559,1,4520,1,17047,1,9559,1,48,1,0,0,0,0,0,0,0,1,5038,1,4521,1
243,5712000,4520,9559,28.990175,1240,0,11,9,108,31968,1202,4429,5680032,16,185,10,1,27814,1,50,1,1967033,1,413227,1,110934,1,3147679,1,13286,1,304146,1,12514,4,537446,4,80094,4,757170,4,1413586,8,2130217,108,36110,24,3166,1,24828,1,2845,1,3797,1,1343,2,5541,1,382157,1,18065,1,3797,1,0,0,0,0,0,0,0,0,17000,1,44,1,9559,1,4520,1,17044,1,9559,1,48,1,0,0,0,0,0,0,0,1,5037,1,4522,1
244,5791000,4521,9559,28.990171,1240,0,11,9,108,33238,1213,4259,5757762,16,185,20,1,27904,1,30,1,1968516,1,437974,1,110964,1,3199048,1,13306,1,317683,1,12484,4,539891,4,79964,4,761779,4,1446840,8,2168801,108,35559,24,3156,1,22714,1,2865,1,3757,1,1383,2,5320,1,405802,1,18185,1,3567,1,0,0,0,0,0,0,0,0,17000,1,44,1,9559,1,4521,1,17044,1,9559,1,48,1,0,0,0,0,0,0,0,1,5037,1,4522,1
245,5811800,4520,9559,28.990164,1240,0,11,9,108,32902,1192,4619,5778898,16,185,20,1,27373,1,110,1,1969848,1,431141,1,109782,1,3227218,1,13406,1,317823,1,12334,4,586581,4,81046,4,768717,4,1417112,8,2145572,108,35639,24,3306,1,25639,1,2926,1,3837,1,1343,2,5360,1,399881,1,18085,1,3767,1,0,0,0,0,0,0,0,0,16998,1,44,1,9559,1,4520,1,17042,1,9559,1,48,1,0,0,0,0,0,0,0,1,5038,1,4521,1
246,5782800,4521,9559,28.990164,1240,0,11,9,108,32813,1353,4569,5749987,16,185,10,1,31330,1,110,1,1971501,1,448164,1,110363,1,3175222,1,13286,1,318564,1,12594,4,538939,4,79824,4,744516,4,1438213,8,2142531,108,35629,24,3046,1,24547,1,2916,1,3707,1,1393,2,5611,1,415581,1,18696,1,3517,1,0,0,0,0,0,0,0,0,16997,1,44,1,9559,1,4521,1,17041,1,9559,1,48,1,0,0,0,0,0,0,0,1,5038,1,4521,1
247,5716600,4521,9559,28.990164,1240,0,11,9,108,31518,1192,4349,5685082,16,185,30,1,28214,1,70,1,1972804,1,431372,1,110423,1,3128843,1,13326,1,303195,1,12424,4,537446,4,79834,4,735107,4,1419146,8,2114386,108,35518,24,2926,1,24137,1,2856,1,3797,1,1373,2,5410,1,398669,1,18556,1,3707,1,0,0,0,0,0,0,0,0,16999,1,44,1,9559,1,4521,1,17043,1,9559,1,48,1,0,0,0,0,0,0,0,1,5038,1,4521,1
248,5737400,4520,9559,28.990164,1240,0,11,9,108,31979,1222,4259,5705421,16,185,110,1,27914,1,100,1,1970660,1,428797,1,109571,1,3154923,1,13346,1,298776,1,12694,4,538218,4,80034,4,755717,4,1427072,8,2143091,108,35438,24,3156,1,24437,1,2835,1,3777,1,1403,2,5581,1,397897,1,17664,1,3517,1,0,0,0,0,0,0,0,0,17001,1,44,1,9559,1,4520,1,17045,1,9559,1,48,1,0,0,0,0,0,0,0,1,5037,1,4522,1
249,5779100,4522,9559,28.990164,1240,0,11,9,108,31969,1172,4269,5747131,16,185,50,1,27774,1,50,1,1968766,1,432233,1,111976,1,3192997,1,13286,1,303064,1,12444,4,538468,4,79904,4,761608,4,1455116,8,2177528,108,34927,24,3006,1,24648,1,2906,1,3857,1,1373,2,5430,1,399871,1,18506,1,3447,1,0,0,0,0,0,0,0,0,17000,1,44,1,9559,1,4522,1,17044,1,9559,1,48,1,0,0,0,0,0,0,0,1,5037,1,4522,1
250,5707100,4521,9559,28.990164,1240,0,11,9,108,32268,1172,4459,5674832,16,185,20,1,27884,1,40,1,1969758,1,430360,1,111645,1,3121769,1,13356,1,304357,1,12785,4,538418,4,79674,4,724808,4,1417764,8,2102874,108,35238,24,3146,1,26080,1,2876,1,3727,1,1433,2,5531,1,396985,1,19407,1,3617,1,0,0,0,0,0,0,0,0,16995,1,44,1,9559,1,4521,1,17039,1,9559,1,48,1,0,0,0,0,0,0,0,1,5036,1,4523,1
251,5684200,4522,9559,28.990164,1240,0,11,9,108,33304,1323,4359,5650896,16,185,30,1,28204,1,60,1,1959969,1,431211,1,111946,1,3106149,1,13326,1,302874,1,12825,4,537857,4,79744,4,725018,4,1406051,8,2097073,108,29637,24,2856,1,24547,1,2856,1,3727,1,1363,2,5110,1,399210,1,18916,1,3537,1,0,0,0,0,0,0,0,0,17008,1,36,1,9559,1,4522,1,17044,1,9559,1,48,1,0,0,0,0,0,0,0,1,5036,1,4523,1
252,5700100,4523,9559,28.990164,1240,0,11,9,108,31811,1242,4218,5668289,16,185,10,1,27904,1,50,1,1966462,1,414058,1,110864,1,3135606,1,13336,1,310439,1,12354,4,537837,4,80225,4,756939,4,1395140,8,2119046,108,28816,24,3156,1,24587,1,2916,1,3787,1,1363,2,5621,1,382177,1,18005,1,3457,1,0,0,0,0,0,0,0,0,17010,1,36,1,9559,1,4523,1,17046,1,9559,1,48,1,0,0,0,0,0,0,0,1,5035,1,4524,1
253,5919600,4523,9559,28.99017,1240,0,11,9,108,32679,1323,4129,5886921,16,185,20,1,28104,1,60,1,1977733,1,524551,1,110072,1,3232924,1,13456,1,308936,1,12574,4,538178,4,79644,4,778521,4,1469463,8,2215030,108,28826,24,3186,1,27593,1,2845,1,3697,1,1393,2,5571,1,491708,1,18786,1,3447,1,0,0,0,0,0,0,0,0,17014,1,36,1,9559,1,4523,1,17050,1,9559,1,48,1,0,0,0,0,0,0,0,1,5036,1,4523,1
254,5761200,4523,9559,28.99017,1240,0,11,9,108,30751,1292,4128,5730449,16,185,80,1,27974,1,30,1,1968826,1,434608,1,111335,1,3173990,1,13606,1,310278,1,12785,4,537256,4,79804,4,755958,4,1435097,8,2157931,108,28996,24,2916,1,25229,1,2886,1,3827,1,1313,2,5350,1,402085,1,18405,1,3567,1,0,0,0,0,0,0,0,0,17017,1,36,1,9559,1,4523,1,17053,1,9559,1,48,1,0,0,0,0,0,0,0,1,5036,1,4523,1
255,5668500,4521,9559,28.99017,1240,0,11,9,108,30730,1162,4088,5637770,16,185,20,1,28094,1,30,1,1969007,1,433626,1,111265,1,3082383,1,13346,1,305649,1,12564,4,538969,4,80084,4,717203,4,1386032,8,2070422,108,28725,24,2886,1,24327,1,2926,1,3817,1,1443,2,5320,1,402767,1,17864,1,3757,1,0,0,0,0,0,0,0,0,17012,1,36,1,9559,1,4521,1,17048,1,9559,1,48,1,0,0,0,0,0,0,0,1,5036,1,4523,1
256,5701400,4519,9559,28.99017,1240,0,11,9,108,31588,1182,4459,5669812,16,185,20,1,28034,1,40,1,1979387,1,426532,1,110884,1,3111620,1,13296,1,302443,1,12354,4,537677,4,79583,4,735218,4,1402254,8,2103245,108,29767,24,2876,1,24738,1,2866,1,3797,1,1373,2,5260,1,394942,1,18546,1,3637,1,0,0,0,0,0,0,0,0,17011,1,36,1,9559,1,4519,1,17047,1,9559,1,48,1,0,0,0,0,0,0,0,1,5037,1,4522,1
257,5732800,4519,9559,28.990171,1240,0,11,9,108,31818,1202,4549,5700982,16,185,50,1,27874,1,60,1,1966822,1,442734,1,110964,1,3139173,1,13306,1,303044,1,12715,4,537727,4,79573,4,748433,4,1415579,8,2130027,108,29437,24,3146,1,24437,1,2896,1,3757,1,1363,2,5300,1,410181,1,18626,1,3417,1,0,0,0,0,0,0,0,0,17016,1,36,1,9559,1,4519,1,17052,1,9559,1,48,1,0,0,0,0,0,0,0,1,5040,1,4519,1
258,5757500,4520,9559,28.990177,1240,0,11,9,108,31710,1252,4188,5725790,16,185,10,1,27914,1,50,1,1969337,1,425410,1,110112,1,3179541,1,13416,1,317783,1,12554,4,537647,4,80345,4,752351,4,1437311,8,2152911,108,32563,24,2876,1,24227,1,2876,1,3687,1,1353,2,5280,1,392026,1,18416,1,4579,1,0,0,0,0,0,0,0,0,17012,1,40,1,9559,1,4520,1,17052,1,9559,1,48,1,0,0,0,0,0,0,0,1,5039,1,4520,1
259,5821300,4520,9559,28.990177,1240,0,11,9,108,39442,1313,4149,5781858,16,168,160,1,31290,1,80,1,1976952,1,431492,1,113679,1,3214979,1,13226,1,364152,1,13827,4,583766,4,79453,4,719066,4,1411261,8,2094338,108,31841,24,3176,1,24457,1,2845,1,4809,1,1523,2,5330,1,399430,1,16873,1,3908,1,0,0,0,0,0,0,0,0,17008,1,40,1,9559,1,4520,1,17048,1,9559,1,48,1,0,0,0,0,0,0,0,1,5038,1,4521,1
260,5668000,4520,9559,28.990177,1240,0,11,9,108,31292,1182,4148,5636708,16,185,160,1,27713,1,70,1,1961642,1,436542,1,111575,1,3085690,1,13316,1,303205,1,12474,4,537496,4,79744,4,716331,4,1394569,8,2074500,108,32252,24,2916,1,24427,1,2856,1,4058,1,1403,2,5030,1,396354,1,25639,1,3597,1,0,0,0,0,0,0,0,0,17005,1,40,1,9559,1,4520,1,17045,1,9559,1,48,1,0,0,0,0,0,0,0,1,5039,1,4520,1
261,5722200,4519,9559,28.99018,1240,0,11,9,108,31738,1202,4479,5690462,16,185,60,1,28164,1,20,1,1961542,1,413127,1,111816,1,3162478,1,13256,1,318324,1,12564,4,537587,4,79864,4,765586,4,1406362,8,2134626,108,32843,24,3046,1,24377,1,2896,1,3847,1,1363,2,5461,1,380634,1,17674,1,3397,1,0,0,0,0,0,0,0,0,17010,1,40,1,9559,1,4519,1,17050,1,9559,1,48,1,0,0,0,0,0,0,0,1,5039,1,4520,1
262,5778300,4518,9559,28.990187,1240,0,11,9,108,32181,1212,4229,5746119,16,185,120,1,27513,1,20,1,1969047,1,436592,1,111365,1,3188137,1,13326,1,303776,1,12394,4,537647,4,79593,4,760316,4,1452350,8,2176085,108,32352,24,3046,1,24367,1,2866,1,3807,1,1363,2,5400,1,404009,1,17854,1,3517,1,0,0,0,0,0,0,0,0,17003,1,40,1,9559,1,4518,1,17043,1,9559,1,48,1,0,0,0,0,0,0,0,1,5039,1,4520,1
263,5679100,4518,9559,28.990187,1240,0,11,9,108,32282,1262,3838,5646818,16,185,10,1,27824,1,10,1,1970049,1,429969,1,111265,1,3094497,1,13195,1,303235,1,12504,4,537496,4,79293,4,723465,4,1396913,8,2084578,108,31962,24,3156,1,23816,1,2815,1,3737,1,1393,2,5410,1,398528,1,18375,1,3467,1,0,0,0,0,0,0,0,0,17005,1,40,1,9559,1,4518,1,17045,1,9559,1,48,1,0,0,0,0,0,0,0,1,5041,1,4518,1
264,2831900,4518,9559,28.990187,0,0,11,0,0,34316,761,1709,2797584,16,185,20,1,27984,1,20,1,1966582,1,425781,1,110934,1,261444,1,4819,1,32182,1,6072,4,40,4,65827,4,1122,4,1924,8,0,0,1336,132,30,1,76007,1,882,1,2405,1,69765,2,4429,1,393358,1,18546,1,3336,1,0,0,0,0,0,0,0,0,0,1,0,1,9559,1,4518,1,17050,1,9559,1,48,1,0,0,0,0,0,0,0,1,5040,1,4519,1
265,2802800,4518,9559,28.990187,0,0,11,0,0,37107,802,1649,2765693,16,185,30,1,26862,1,60,1,1973295,1,426773,1,109702,1,224162,1,4809,1,44586,1,5801,4,40,4,65446,4,1022,4,1854,8,0,0,1226,132,30,1,77750,1,862,1,2324,1,19357,2,4288,1,395332,1,17905,1,3286,1,0,0,0,0,0,0,0,0,0,1,0,1,9559,1,4518,1,17050,1,9559,1,48,1,0,0,0,0,0,0,0,1,5041,1,4518,1
266,2773900,4518,9559,28.990187,0,0,11,0,0,31743,832,1630,2742157,16,185,90,1,27393,1,50,1,1967393,1,423867,1,108890,1,209674,1,4799,1,33394,1,5621,4,40,4,65376,4,992,4,1884,8,0,0,1245,132,10,1,75045,1,872,1,2324,1,18896,2,4388,1,392146,1,19488,1,3286,1,0,0,0,0,0,0,0,0,0,1,0,1,9559,1,4518,1,17050,1,9559,1,48,1,0,0,0,0,0,0,0,1,5041,1,4518,1
267,3005600,4518,9559,28.990187,0,0,11,0,0,38729,911,4857,2966871,16,185,190,1,33495,1,90,1,2170715,1,416643,1,113689,1,227338,1,4709,1,32563,1,5571,4,70,4,64985,4,1223,4,5280,8,0,0,1646,132,40,1,81136,1,1343,1,2264,1,25108,2,6843,1,382748,1,18335,1,3266,1,0,0,0,0,0,0,0,0,0,1,0,1,9559,1,4518,1,17050,1,9559,1,48,1,0,0,0,0,0,0,0,1,5041,1,4518,1
268,2963400,4518,9559,28.990187,0,0,11,0,0,30896,741,1641,2932504,16,185,40,1,34527,1,110,1,2150366,1,426072,1,108048,1,208582,1,4759,1,32663,1,5571,4,40,4,65506,4,1002,4,1864,8,0,0,1225,132,20,1,74664,1,862,1,2314,1,18937,2,4398,1,394260,1,18395,1,3296,1,0,0,0,0,0,0,0,0,0,1,0,1,9559,1,4518,1,17050,1,9559,1,48,1,0,0,0,0,0,0,0,1,5041,1,4518,1
269,2761000,4518,9559,28.990187,0,0,11,0,0,33681,721,1690,2727319,16,185,50,1,27733,1,30,1,1956563,1,418667,1,107888,1,211638,1,4749,1,32863,1,5591,4,21,4,65446,4,1042,4,1974,8,0,0,1326,132,20,1,77029,1,872,1,2615,1,19077,2,4368,1,386886,1,18426,1,3316,1,0,0,0,0,0,0,0,0,0,1,0,1,9559,1,4518,1,17050,1,9559,1,48,1,0,0,0,0,0,0,0,1,5041,1,4518,1
270,2801400,4518,9559,28.990187,0,0,11,0,0,34826,721,1731,2766574,16,185,20,1,27253,1,40,1,1974838,1,439447,1,106415,1,213592,1,4970,1,34226,1,5781,4,40,4,65717,4,1132,4,1924,8,0,0,1325,132,40,1,77600,1,872,1,2685,1,18436,2,4419,1,404310,1,21241,1,3266,1,0,0,0,0,0,0,0,0,0,1,0,1,9559,1,4518,1,17050,1,9559,1,48,1,0,0,0,0,0,0,0,1,5041,1,4518,1
271,2780700,4518,9559,28.990187,0,0,11,0,0,29656,711,1640,2751044,16,185,20,1,28565,1,100,1,1970700,1,427083,1,106986,1,212730,1,4859,1,33565,1,5581,4,40,4,65446,4,1012,4,1844,8,0,0,1216,132,30,1,78091,1,872,1,3156,1,18095,2,4288,1,395292,1,18666,1,3276,1,0,0,0,0,0,0,0,0,0,1,0,1,9559,1,4518,1,17050,1,9559,1,48,1,0,0,0,0,0,0,0,1,5041,1,4518,1
272,2763500,4518,9559,28.990187,0,0,11,0,0,29649,672,1640,2733851,16,185,30,1,27162,1,40,1,1966331,1,418998,1,106636,1,209764,1,4889,1,32543,1,5661,4,40,4,65546,4,1042,4,1854,8,0,0,1256,132,30,1,76237,1,872,1,2876,1,18065,2,4328,1,387267,1,18395,1,3346,1,0,0,0,0,0,0,0,0,0,1,0,1,9559,1,4518,1,17050,1,9559,1,48,1,0,0,0,0,0,0,0,1,5041,1,4518,1
273,2769700,4518,9559,28.990187,0,0,11,0,0,30549,701,1572,2739151,16,185,20,1,27603,1,60,1,1967053,1,422515,1,106806,1,210255,1,4839,1,32903,1,5651,4,40,4,65376,4,982,4,1864,8,0,0,1274,132,20,1,76668,1,872,1,2635,1,18175,2,4368,1,390683,1,18656,1,3276,1,0,0,0,0,0,0,0,0,0,1,0,1,9559,1,4518,1,17050,1,9559,1,48,1,0,0,0,0,0,0,0,1,5041,1,4518,1
274,2785400,4518,9559,28.990187,0,0,11,0,0,30057,761,1738,2755343,16,185,30,1,27754,1,10,1,1966672,1,431953,1,114340,1,209825,1,4759,1,32653,1,5661,4,40,4,65787,4,1012,4,1884,8,0,0,1158,132,30,1,75706,1,872,1,2535,1,18506,2,4378,1,401464,1,18075,1,3326,1,0,0,0,0,0,0,0,0,0,1,0,1,9559,1,4518,1,17050,1,9559,1,48,1,0,0,0,0,0,0,0,1,5041,1,4518,1
275,2781500,4518,9559,28.990187,0,0,11,0,0,32680,702,1631,2748820,16,185,20,1,27603,1,60,1,1966762,1,430049,1,106876,1,212650,1,4799,1,32753,1,5581,4,40,4,65446,4,1032,4,1904,8,0,0,1304,132,30,1,79263,1,872,1,2575,1,18175,2,4278,1,396615,1,20800,1,3276,1,0,0,0,0,0,0,0,0,0,1,0,1,9559,1,4518,1,17050,1,9559,1,48,1,0,0,0,0,0,0,0,1,5041,1,4518,1
276,2790200,4518,9559,28.990187,0,0,11,0,0,32463,771,1681,2757737,16,185,100,1,27653,1,50,1,1959528,1,453094,1,105944,1,206628,1,4739,1,32643,1,5591,4,30,4,65045,4,1052,4,1894,8,0,0,1265,132,10,1,74494,1,862,1,2264,1,17684,2,4288,1,422875,1,17093,1,3256,1,0,0,0,0,0,0,0,0,0,1,0,1,9559,1,4518,1,17050,1,9559,1,48,1,0,0,0,0,0,0,0,1,5041,1,4518,1
277,2762200,4518,9559,28.990187,0,0,11,0,0,30112,861,1621,2732088,16,185,10,1,27463,1,40,1,1950391,1,434458,1,106105,1,208833,1,4789,1,32382,1,5641,4,40,4,65065,4,1002,4,1874,8,0,0,1255,132,10,1,76648,1,862,1,2244,1,17804,2,4398,1,403027,1,18385,1,3266,1,0,0,0,0,0,0,0,0,0,1,0,1,9559,1,4518,1,17050,1,9559,1,48,1,0,0,0,0,0,0,0,1,5041,1,4518,1
278,2743600,4518,9559,28.990187,0,0,11,0,0,33575,691,1610,2710025,16,185,20,1,27313,1,110,1,1950150,1,414860,1,106175,1,206749,1,4649,1,32302,1,5621,4,40,4,65356,4,1002,4,1844,8,0,0,1236,132,30,1,74604,1,862,1,2224,1,17864,2,4308,1,384261,1,17664,1,3276,1,0,0,0,0,0,0,0,0,0,1,0,1,9559,1,4518,1,17050,1,9559,1,48,1,0,0,0,0,0,0,0,1,5041,1,4518,1
279,2754700,4518,9559,28.990187,0,0,11,0,0,35377,721,1600,2719323,16,185,20,1,27243,1,40,1,1949469,1,422435,1,106315,1,209063,1,4739,1,32402,1,5641,4,30,4,65085,4,982,4,1883,8,0,0,1265,132,20,1,76297,1,862,1,2264,1,18295,2,4579,1,380213,1,29136,1,3316,1,0,0,0,0,0,0,0,0,0,1,0,1,9559,1,4518,1,17050,1,9559,1,48,1,0,0,0,0,0,0,0,1,5041,1,4518,1
280,2918200,4518,9559,28.990187,0,0,11,0,0,35101,932,1679,2883099,16,185,170,1,36140,1,50,1,2082766,1,436652,1,113649,1,208883,1,4789,1,32362,1,5560,4,70,4,64935,4,1062,4,1864,8,0,0,1247,132,40,1,75115,1,922,1,2264,1,19307,2,4449,1,402867,1,18375,1,3276,1,0,0,0,0,0,0,0,0,0,1,0,1,9559,1,4518,1,17050,1,9559,1,48,1,0,0,0,0,0,0,0,1,5041,1,4518,1
281,3037400,4518,9559,28.990187,0,0,11,0,0,36013,742,1688,3001387,16,185,60,1,33264,1,20,1,2167088,1,481979,1,105974,1,208332,1,4669,1,32112,1,5551,4,40,4,64815,4,942,4,1943,8,0,0,1197,132,20,1,76968,1,862,1,2224,1,17654,2,4459,1,448625,1,19167,1,3236,1,0,0,0,0,0,0,0,0,0,1,0,1,9559,1,4518,1,17050,1,9559,1,48,1,0,0,0,0,0,0,0,1,5041,1,4518,1
282,2761300,4518,9559,28.990187,0,0,11,0,0,31396,731,1610,2729904,16,185,50,1,27102,1,50,1,1947415,1,435440,1,107407,1,207660,1,4779,1,32913,1,5631,4,21,4,64985,4,992,4,1874,8,0,0,1255,132,30,1,74975,1,872,1,2254,1,18015,2,4368,1,402336,1,18826,1,4328,1,0,0,0,0,0,0,0,0,0,1,0,1,9559,1,4518,1,17050,1,9559,1,48,1,0,0,0,0,0,0,0,1,5041,1,4518,1
283,2756600,4518,9559,28.990187,0,0,11,0,0,32998,711,1581,2723602,16,185,40,1,27603,1,100,1,1955470,1,420861,1,105383,1,209374,1,4769,1,32783,1,5621,4,40,4,65176,4,982,4,1864,8,0,0,1265,132,20,1,76688,1,862,1,2274,1,17915,2,4439,1,390563,1,18125,1,3336,1,0,0,0,0,0,0,0,0,0,1,0,1,9559,1,4518,1,17050,1,9559,1,48,1,0,0,0,0,0,0,0,1,5041,1,4518,1
284,2768400,4518,9559,28.990187,0,0,11,0,0,29709,751,1599,2738691,16,185,10,1,27293,1,70,1,1955791,1,436552,1,106325,1,207881,1,4769,1,32663,1,5611,4,30,4,65166,4,1573,4,1834,8,0,0,1807,132,20,1,74734,1,862,1,2264,1,17884,2,4489,1,396134,1,28234,1,3276,1,0,0,0,0,0,0,0,0,0,1,0,1,9559,1,4518,1,17050,1,9559,1,48,1,0,0,0,0,0,0,0,1,5041,1,4518,1
285,2762700,4518,9559,28.990187,0,0,11,0,0,29941,662,1628,2732759,16,185,10,1,27683,1,50,1,1956082,1,429869,1,105674,1,208682,1,4709,1,32352,1,5641,4,50,4,65025,4,962,4,1874,8,0,0,1207,132,10,1,76678,1,872,1,2284,1,17814,2,4459,1,387898,1,28786,1,3256,1,0,0,0,0,0,0,0,0,0,1,0,1,9559,1,4518,1,17050,1,9559,1,48,1,0,0,0,0,0,0,0,1,5041,1,4518,1
286,2765000,4518,9559,28.990187,0,0,11,0,0,29365,712,1649,2735635,16,185,20,1,27172,1,60,1,1956322,1,433596,1,107117,1,206568,1,4779,1,32052,1,5611,4,40,4,64995,4,972,4,1884,8,0,0,1206,132,20,1,74574,1,872,1,2254,1,18195,2,4388,1,392116,1,28254,1,3256,1,0,0,0,0,0,0,0,0,0,1,0,1,9559,1,4518,1,17050,1,9559,1,48,1,0,0,0,0,0,0,0,1,5041,1,4518,1
287,2780700,4518,9559,28.990187,0,0,11,0,0,33613,711,1631,2747087,16,185,10,1,27573,1,50,1,1958606,1,442163,1,105854,1,208051,1,4779,1,31881,1,5611,4,40,4,65075,4,982,4,1914,8,0,0,1265,132,20,1,76437,1,862,1,2244,1,17935,2,4338,1,405091,1,21181,1,3928,1,0,0,0,0,0,0,0,0,0,1,0,1,9559,1,4518,1,17050,1,9559,1,48,1,0,0,0,0,0,0,0,1,5041,1,4518,1
288,2770500,4518,9559,28.990187,0,0,11,0,0,32270,732,1717,2738230,16,185,30,1,27062,1,90,1,1954398,1,438706,1,105894,1,207250,1,4799,1,32332,1,5661,4,40,4,65145,4,972,4,1894,8,0,0,1149,132,20,1,74794,1,872,1,2284,1,18035,2,4469,1,407215,1,18385,1,3276,1,0,0,0,0,0,0,0,0,0,1,0,1,9559,1,4518,1,17050,1,9559,1,48,1,0,0,0,0,0,0,0,1,5041,1,4518,1
289,2757600,4518,9559,28.990187,0,0,11,0,0,29480,681,1619,2728120,16,185,50,1,27132,1,40,1,1960170,1,421102,1,106395,1,208572,1,4659,1,32262,1,5611,4,30,4,65186,4,972,4,1854,8,0,0,1206,132,30,1,76648,1,872,1,2244,1,17784,2,4398,1,380874,1,27303,1,3276,1,0,0,0,0,0,0,0,0,0,1,0,1,9559,1,4518,1,17050,1,9559,1,48,1,0,0,0,0,0,0,0,1,5041,1,4518,1
290,2765700,4518,9559,28.990187,0,0,11,0,0,30666,692,1609,2735034,16,185,20,1,27403,1,50,1,1965039,1,423607,1,106205,1,207981,1,4729,1,32633,1,5661,4,40,4,65116,4,992,4,1854,8,0,0,1236,132,20,1,75155,1,872,1,2565,1,17965,2,4419,1,394591,1,16883,1,3246,1,0,0,0,0,0,0,0,0,0,1,0,1,9559,1,4518,1,17050,1,9559,1,48,1,0,0,0,0,0,0,0,1,5041,1,4518,1
291,2773100,4518,9559,28.990187,0,0,11,0,0,30061,742,1619,2743039,16,185,20,1,27503,1,60,1,1955951,1,440309,1,105884,1,208542,1,4769,1,32603,1,5511,4,40,4,65085,4,942,4,1883,8,0,0,1206,132,30,1,76467,1,872,1,2515,1,17464,2,4388,1,402596,1,22664,1,4899,1,0,0,0,0,0,0,0,0,0,1,0,1,9559,1,4518,1,17050,1,9559,1,48,1,0,0,0,0,0,0,0,1,5041,1,4518,1
292,2784700,4518,9559,28.990187,0,0,11,0,0,31221,691,1710,2753479,16,185,50,1,27443,1,70,1,1958065,1,442684,1,106165,1,214243,1,4759,1,39396,1,5631,4,30,4,65406,4,1052,4,1914,8,0,0,1255,132,30,1,74965,1,872,1,2555,1,17253,2,4449,1,410281,1,18736,1,3346,1,0,0,0,0,0,0,0,0,0,1,0,1,9559,1,4518,1,17050,1,9559,1,48,1,0,0,0,0,0,0,0,1,5041,1,4518,1
293,2923600,4518,9559,28.990187,0,0,11,0,0,36744,1042,4449,2886856,16,185,220,1,33825,1,80,1,2091403,1,427374,1,113078,1,216137,1,4739,1,32803,1,5551,4,70,4,65156,4,4459,4,1914,8,0,0,1923,132,30,1,78171,1,872,1,2505,1,19137,2,4429,1,394751,1,18656,1,3266,1,0,0,0,0,0,0,0,0,0,1,0,1,9559,1,4518,1,17050,1,9559,1,48,1,0,0,0,0,0,0,0,1,5041,1,4518,1
294,2900000,4518,9559,28.990187,0,0,11,0,0,30066,771,1648,2869934,16,185,60,1,33114,1,40,1,2085301,1,432925,1,106054,1,207690,1,4749,1,33204,1,5611,4,30,4,65096,4,1012,4,1824,8,0,0,1187,132,20,1,74333,1,872,1,2515,1,18075,2,4328,1,402807,1,17935,1,3276,1,0,0,0,0,0,0,0,0,0,1,0,1,9559,1,4518,1,17050,1,9559,1,48,1,0,0,0,0,0,0,0,1,5041,1,4518,1
295,2774300,4518,9559,28.990187,0,0,11,0,0,31131,682,1561,2743169,16,185,100,1,27523,1,60,1,1955090,1,440539,1,106596,1,208512,1,4749,1,32112,1,5611,4,40,4,65065,4,962,4,1864,8,0,0,1265,132,20,1,76437,1,852,1,2555,1,17925,2,4388,1,408959,1,18315,1,3296,1,0,0,0,0,0,0,0,0,0,1,0,1,9559,1,4518,1,17050,1,9559,1,48,1,0,0,0,0,0,0,0,1,5041,1,4518,1
296,2777000,4518,9559,28.990187,0,0,11,0,0,29182,701,1650,2747818,16,185,20,1,26872,1,30,1,1958807,1,446090,1,105193,1,206087,1,4719,1,32042,1,5601,4,30,4,65065,4,1012,4,1844,8,0,0,1206,132,20,1,74464,1,862,1,2254,1,17754,2,4439,1,406794,1,17414,1,3407,1,0,0,0,0,0,0,0,0,0,1,0,1,9559,1,4518,1,17050,1,9559,1,48,1,0,0,0,0,0,0,0,1,5041,1,4518,1
297,2789400,4518,9559,28.990187,0,0,11,0,0,30631,721,1602,2758769,16,185,20,1,27673,1,50,1,1961442,1,449306,1,105574,1,209925,1,4779,1,32893,1,5621,4,40,4,65326,4,992,4,1904,8,0,0,1294,132,20,1,76718,1,872,1,2244,1,18205,2,4368,1,408337,1,19858,1,4238,1,0,0,0,0,0,0,0,0,0,1,0,1,9559,1,4518,1,17050,1,9559,1,48,1,0,0,0,0,0,0,0,1,5041,1,4518,1
298,2785900,4518,9559,28.990187,0,0,11,0,0,30517,661,1681,2755383,16,185,20,1,27152,1,50,1,1960340,1,450268,1,104852,1,207891,1,4809,1,32372,1,5611,4,40,4,65356,4,1012,4,1914,8,0,0,1245,132,20,1,75195,1,872,1,2244,1,18005,2,4589,1,399220,1,39085,1,3296,1,0,0,0,0,0,0,0,0,0,1,0,1,9559,1,4518,1,17050,1,9559,1,48,1,0,0,0,0,0,0,0,1,5041,1,4518,1
299,2780100,4518,9559,28.990187,0,0,11,0,0,31059,691,1681,2749041,16,185,30,1,27343,1,30,1,1961462,1,440580,1,106485,1,208372,1,4739,1,32272,1,5601,4,40,4,65256,4,1012,4,1914,8,0,0,1245,132,20,1,75976,1,872,1,2294,1,18045,2,4378,1,400342,1,23916,1,4298,1,0,0,0,0,0,0,0,0,0,1,0,1,9559,1,4518,1,17050,1,9559,1,48,1,0,0,0,0,0,0,0,1,5041,1,4518,1
300,2785600,4518,9559,28.990187,0,0,11,0,0,30979,701,1679,2754621,16,185,10,1,27473,1,60,1,1958697,1,449397,1,106906,1,207320,1,4759,1,32112,1,5661,4,30,4,65426,4,1022,4,1874,8,0,0,1217,132,20,1,74995,1,872,1,2284,1,17864,2,4459,1,417365,1,18756,1,3326,1,0,0,0,0,0,0,0,0,0,1,0,1,9559,1,4518,1,17050,1,9559,1,48,1,0,0,0,0,0,0,0,1,5041,1,4518,1
301,2797900,4518,9559,28.990187,0,0,11,0,0,28771,701,1590,2769129,16,185,10,1,27182,1,60,1,1959809,1,450849,1,111204,1,215265,1,4749,1,38234,1,5581,4,40,4,65386,4,972,4,1864,8,0,0,1246,132,20,1,77229,1,862,1,2304,1,17784,2,4288,1,419950,1,17494,1,3286,1,0,0,0,0,0,0,0,0,0,1,0,1,9559,1,4518,1,17050,1,9559,1,48,1,0,0,0,0,0,0,0,1,5041,1,4518,1
302,2774900,4518,9559,28.990187,0,0,11,0,0,28414,771,1621,2746486,16,185,20,1,27152,1,50,1,1956733,1,445739,1,104932,1,207049,1,4809,1,32312,1,5651,4,40,4,65496,4,992,4,1904,8,0,0,1275,132,30,1,74814,1,872,1,2244,1,17544,2,4378,1,414118,1,18446,1,3316,1,0,0,0,0,0,0,0,0,0,1,0,1,9559,1,4518,1,17050,1,9559,1,48,1,0,0,0,0,0,0,0,1,5041,1,4518,1
303,2775500,4518,9559,28.990187,0,0,11,0,0,29425,701,1709,2746075,16,185,40,1,27824,1,110,1,1956673,1,440990,1,105924,1,209764,1,4749,1,32833,1,5651,4,30,4,65416,4,1032,4,1884,8,0,0,1207,132,30,1,76938,1,872,1,2314,1,17654,2,4409,1,409880,1,17925,1,3336,1,0,0,0,0,0,0,0,0,0,1,0,1,9559,1,4518,1,17050,1,9559,1,48,1,0,0,0,0,0,0,0,1,5041,1,4518,1
304,2808200,4518,9559,28.990187,0,0,11,0,0,31226,742,1631,2776974,16,185,30,1,27373,1,90,1,1965670,1,468032,1,104732,1,206198,1,4849,1,31942,1,5631,4,40,4,65075,4,992,4,1894,8,0,0,1255,132,20,1,74494,1,862,1,2234,1,17864,2,4409,1,428015,1,17474,1,3377,1,0,0,0,0,0,0,0,0,0,1,0,1,9559,1,4518,1,17050,1,9559,1,48,1,0,0,0,0,0,0,0,1,5041,1,4518,1
305,2770800,4518,9559,28.990187,0,0,11,0,0,30226,791,1561,2740574,16,185,30,1,27723,1,60,1,1958847,1,434207,1,105173,1,209764,1,4769,1,32883,1,5701,4,30,4,65526,4,952,4,1894,8,0,0,1285,132,10,1,76898,1,862,1,2244,1,17484,2,4489,1,404640,1,17544,1,3326,1,0,0,0,0,0,0,0,0,0,1,0,1,9559,1,4518,1,17050,1,9559,1,48,1,0,0,0,0,0,0,0,1,5041,1,4518,1
306,2930700,4518,9559,28.990187,0,0,11,0,0,32832,972,1581,2897868,16,185,200,1,37292,1,80,1,2082656,1,449727,1,113539,1,209604,1,4769,1,32032,1,5541,4,60,4,65236,4,1072,4,1844,8,0,0,1334,132,20,1,75936,1,882,1,2294,1,19167,2,4549,1,407566,1,21301,1,3787,1,0,0,0,0,0,0,0,0,0,1,0,1,9559,1,4518,1,17050,1,9559,1,48,1,0,0,0,0,0,0,0,1,5041,1,4518,1
307,2917700,4518,9559,28.990187,0,0,11,0,0,31826,741,1622,2885874,16,185,130,1,33314,1,30,1,2086122,1,444387,1,106636,1,210476,1,4779,1,32362,1,5621,4,50,4,65065,4,1052,4,1864,8,0,0,1294,132,40,1,77129,1,862,1,2284,1,18967,2,4439,1,413607,1,17834,1,3256,1,0,0,0,0,0,0,0,0,0,1,0,1,9559,1,4518,1,17050,1,9559,1,48,1,0,0,0,0,0,0,0,1,5041,1,4518,1
308,2764800,4518,9559,28.990187,0,0,11,0,0,29736,661,1582,2735064,16,185,30,1,27233,1,60,1,1954689,1,435329,1,106225,1,206709,1,4789,1,32583,1,5611,4,40,4,65045,4,992,4,1894,8,0,0,1303,132,20,1,74343,1,872,1,2274,1,17985,2,4388,1,404300,1,17694,1,3316,1,0,0,0,0,0,0,0,0,0,1,0,1,9559,1,4518,1,17050,1,9559,1,48,1,0,0,0,0,0,0,0,1,5041,1,4518,1
309,2793500,4518,9559,28.990187,0,0,11,0,0,32466,682,1719,2761034,16,185,20,1,27092,1,110,1,1963336,1,449557,1,105453,1,210576,1,4889,1,32643,1,5661,4,40,4,65536,4,1012,4,1914,8,0,0,1207,132,20,1,77379,1,872,1,2495,1,17764,2,4559,1,408678,1,27573,1,3306,1,0,0,0,0,0,0,0,0,0,1,0,1,9559,1,4518,1,17050,1,9559,1,48,1,0,0,0,0,0,0,0,1,5041,1,4518,1
310,2862700,4518,9559,28.990187,0,0,11,0,0,35088,4528,1612,2827612,16,185,190,1,33875,1,90,1,2011178,1,451881,1,113068,1,212580,1,4749,1,32002,1,5581,4,40,4,64575,4,1062,4,1904,8,0,0,1354,132,30,1,76558,1,862,1,2254,1,18696,2,4489,1,418437,1,18015,1,3256,1,0,0,0,0,0,0,0,0,0,1,0,1,9559,1,4518,1,17050,1,9559,1,48,1,0,0,0,0,0,0,0,1,5041,1,4518,1
311,2829800,4518,9559,28.990187,0,0,11,0,0,33799,682,1640,2796001,16,185,20,1,33324,1,60,1,2017029,1,424088,1,106876,1,209865,1,4739,1,32322,1,5651,4,40,4,65206,4,1002,4,1884,8,0,0,1245,132,20,1,76628,1,872,1,2335,1,18766,2,4459,1,384692,1,26311,1,4278,1,0,0,0,0,0,0,0,0,0,1,0,1,9559,1,4518,1,17050,1,9559,1,48,1,0,0,0,0,0,0,0,1,5041,1,4518,1
312,2766800,4518,9559,28.990187,0,0,11,0,0,34692,750,1573,2732108,16,185,40,1,26120,1,40,1,1949549,1,439447,1,106275,1,205917,1,4719,1,31932,1,5561,4,21,4,64975,4,1002,4,1874,8,0,0,1303,132,30,1,74373,1,862,1,2244,1,17935,2,4358,1,408407,1,17925,1,3256,1,0,0,0,0,0,0,0,0,0,1,0,1,9559,1,4518,1,17050,1,9559,1,48,1,0,0,0,0,0,0,0,1,5041,1,4518,1
313,2764200,4518,9559,28.990187,0,0,11,0,0,29437,782,1529,2734763,16,185,30,1,26040,1,60,1,1958546,1,430801,1,107758,1,206919,1,4609,1,32443,1,5541,4,40,4,64514,4,972,4,1803,8,0,0,1246,132,30,1,76037,1,862,1,2254,1,17263,2,4378,1,398849,1,18886,1,3326,1,0,0,0,0,0,0,0,0,0,1,0,1,9559,1,4518,1,17050,1,9559,1,48,1,0,0,0,0,0,0,0,1,5041,1,4518,1
314,2761500,4518,9559,28.990187,0,0,11,0,0,33640,702,1676,2727860,16,185,60,1,26822,1,50,1,1950341,1,434688,1,105784,1,205366,1,4749,1,32162,1,5561,4,50,4,64594,4,942,4,1844,8,0,0,1109,132,20,1,74033,1,862,1,2314,1,17975,2,4308,1,392918,1,28495,1,3266,1,0,0,0,0,0,0,0,0,0,1,0,1,9559,1,4518,1,17050,1,9559,1,48,1,0,0,0,0,0,0,0,1,5041,1,4518,1
315,2771200,4518,9559,28.990187,0,0,11,0,0,30295,762,1638,2740905,16,185,30,1,25920,1,40,1,1948757,1,450138,1,104051,1,207189,1,4779,1,31861,1,5601,4,40,4,64725,4,982,4,1874,8,0,0,1217,132,30,1,75916,1,862,1,2335,1,17824,2,4378,1,410742,1,17353,1,3457,1,0,0,0,0,0,0,0,0,0,1,0,1,9559,1,4518,1,17050,1,9559,1,48,1,0,0,0,0,0,0,0,1,5041,1,4518,1
316,2763200,4518,9559,28.990187,0,0,11,0,0,32866,741,1630,2730334,16,185,20,1,27383,1,60,1,1944169,1,442313,1,105053,1,206588,1,4749,1,32262,1,5631,4,30,4,64975,4,1022,4,1864,8,0,0,1255,132,40,1,74864,1,862,1,2294,1,17654,2,4348,1,401795,1,18285,1,3908,1,0,0,0,0,0,0,0,0,0,1,0,1,9559,1,4518,1,17050,1,9559,1,48,1,0,0,0,0,0,0,0,1,5041,1,4518,1
317,2757300,4518,9559,28.990187,0,0,11,0,0,32917,701,1640,2724383,16,185,20,1,26281,1,30,1,1950912,1,428216,1,105644,1,208562,1,4719,1,32483,1,5531,4,30,4,64995,4,1002,4,1894,8,0,0,1255,132,30,1,76558,1,862,1,2264,1,17834,2,4378,1,396284,1,18796,1,3296,1,0,0,0,0,0,0,0,0,0,1,0,1,9559,1,4518,1,17050,1,9559,1,48,1,0,0,0,0,0,0,0,1,5041,1,4518,1
318,2766300,4518,9559,28.990187,0,0,11,0,0,29834,832,1651,2736466,16,185,10,1,26401,1,60,1,1949759,1,443545,1,105714,1,206198,1,4779,1,32002,1,5600,4,30,4,65035,4,1022,4,1894,8,0,0,1265,132,20,1,74383,1,872,1,2224,1,17914,2,4368,1,389832,1,40638,1,3256,1,0,0,0,0,0,0,0,0,0,1,0,1,9559,1,4518,1,17050,1,9559,1,48,1,0,0,0,0,0,0,0,1,5041,1,4518,1
319,3039000,4518,9559,28.990187,0,0,11,0,0,43960,1112,5951,2995040,16,185,180,1,33314,1,70,1,2083297,1,453580,1,139269,1,279349,1,5982,1,43283,1,9458,4,70,4,82529,4,5370,4,2335,8,0,0,1753,132,40,1,102167,1,1082,1,2916,1,22463,2,6523,1,415787,1,20349,1,4068,1,0,0,0,0,0,0,0,0,0,1,0,1,9559,1,4518,1,17050,1,9559,1,48,1,0,0,0,0,0,0,0,1,5041,1,4518,1
320,2802200,4518,9559,28.990187,0,0,11,0,0,28081,681,1609,2774119,16,185,60,1,24858,1,40,1,1948126,1,485406,1,106004,1,205005,1,4619,1,32012,1,5551,4,40,4,64835,4,1012,4,1814,8,0,0,1217,132,30,1,74103,1,852,1,2244,1,17323,2,4509,1,457352,1,16051,1,3266,1,0,0,0,0,0,0,0,0,0,1,0,1,9559,1,4518,1,17050,1,9559,1,48,1,0,0,0,0,0,0,0,1,5041,1,4518,1
321,2769700,4518,9559,28.990187,0,0,11,0,0,28765,701,1688,2740935,16,185,40,1,25008,1,40,1,1944479,1,453895,1,105483,1,207270,1,4719,1,32072,1,5501,4,40,4,64615,4,982,4,1854,8,0,0,1147,132,30,1,76037,1,862,1,2254,1,17844,2,4479,1,421914,1,17764,1,4308,1,0,0,0,0,0,0,0,0,0,1,0,1,9559,1,4518,1,17050,1,9559,1,48,1,0,0,0,0,0,0,0,1,5041,1,4518,1
322,2758300,4518,9559,28.990187,0,0,11,0,0,30651,711,1669,2727649,16,185,10,1,27062,1,40,1,1949649,1,435911,1,104852,1,205356,1,4769,1,31972,1,5541,4,40,4,64745,4,992,4,1924,8,0,0,1247,132,20,1,74093,1,852,1,2284,1,17794,2,4388,1,405592,1,17373,1,3236,1,0,0,0,0,0,0,0,0,0,1,0,1,9559,1,4518,1,17050,1,9559,1,48,1,0,0,0,0,0,0,0,1,5041,1,4518,1
323,2954500,4518,9559,28.990187,0,0,11,0,0,35592,1052,4990,2918908,16,185,180,1,33605,1,90,1,2023231,1,456400,1,136794,1,262777,1,5831,1,39426,1,8346,4,70,4,80275,4,4749,4,2365,8,0,0,2124,132,50,1,95083,1,1052,1,2755,1,21491,2,6062,1,418737,1,20920,1,3998,1,0,0,0,0,0,0,0,0,0,1,0,1,9559,1,4518,1,17050,1,9559,1,48,1,0,0,0,0,0,0,0,1,5041,1,4518,1
324,2805500,4518,9559,28.990187,0,0,11,0,0,32363,751,1640,2773137,16,185,60,1,33014,1,60,1,1990077,1,432734,1,106125,1,206368,1,4699,1,32312,1,5491,4,40,4,64735,4,992,4,1834,8,0,0,1186,132,30,1,74093,1,862,1,2274,1,18556,2,4398,1,392437,1,26772,1,3246,1,0,0,0,0,0,0,0,0,0,1,0,1,9559,1,4518,1,17050,1,9559,1,48,1,0,0,0,0,0,0,0,1,5041,1,4518,1
325,2759200,4518,9559,28.990187,0,0,11,0,0,29326,712,1650,2729874,16,185,60,1,26140,1,60,1,1955300,1,429829,1,106255,1,207610,1,4619,1,32292,1,5601,4,30,4,64704,4,1022,4,1914,8,0,0,1285,132,10,1,76077,1,862,1,2204,1,17804,2,4378,1,390513,1,26331,1,3246,1,0,0,0,0,0,0,0,0,0,1,0,1,9559,1,4518,1,17050,1,9559,1,48,1,0,0,0,0,0,0,0,1,5041,1,4518,1
326,2760300,4518,9559,28.990187,0,0,11,0,0,32320,662,1501,2727980,16,185,120,1,27443,1,60,1,1946263,1,435971,1,105614,1,207761,1,4749,1,32663,1,6222,4,40,4,64975,4,942,4,1863,8,0,0,1304,132,10,1,74514,1,862,1,2254,1,18125,2,4629,1,394891,1,25369,1,5340,1,0,0,0,0,0,0,0,0,0,1,0,1,9559,1,4518,1,17050,1,9559,1,48,1,0,0,0,0,0,0,0,1,5041,1,4518,1
327,2776100,4518,9559,28.990187,0,0,11,0,0,31488,722,1630,2744612,16,185,20,1,26120,1,80,1,1949549,1,450238,1,105303,1,208562,1,4739,1,32603,1,5631,4,40,4,65055,4,1012,4,1884,8,0,0,1265,132,20,1,76117,1,862,1,2264,1,17915,2,4439,1,418006,1,18906,1,3266,1,0,0,0,0,0,0,0,0,0,1,0,1,9559,1,4518,1,17050,1,9559,1,48,1,0,0,0,0,0,0,0,1,5041,1,4518,1
328,2763700,4518,9559,28.990187,0,0,11,0,0,28506,701,1532,2735194,16,185,30,1,27142,1,40,1,1944369,1,447984,1,104892,1,206017,1,4719,1,32523,1,5581,4,40,4,64655,4,972,4,1834,8,0,0,1274,132,10,1,74403,1,862,1,2224,1,17874,2,4338,1,411544,1,23445,1,3246,1,0,0,0,0,0,0,0,0,0,1,0,1,9559,1,4518,1,17050,1,9559,1,48,1,0,0,0,0,0,0,0,1,5041,1,4518,1
329,2768800,4518,9559,28.990187,0,0,11,0,0,29628,701,1551,2739172,16,185,20,1,27553,1,40,1,1949629,1,443054,1,105614,1,208532,1,4729,1,32222,1,5561,4,40,4,65096,4,982,4,1824,8,0,0,1254,132,20,1,76718,1,862,1,2254,1,17925,2,4328,1,412996,1,18145,1,3316,1,0,0,0,0,0,0,0,0,0,1,0,1,9559,1,4518,1,17050,1,9559,1,48,1,0,0,0,0,0,0,0,1,5041,1,4518,1
330,2768500,4518,9559,28.990187,0,0,11,0,0,34088,792,1581,2734412,16,185,10,1,27543,1,60,1,1950801,1,439497,1,105033,1,206729,1,4739,1,32312,1,5551,4,40,4,65156,4,982,4,1914,8,0,0,1315,132,20,1,74714,1,862,1,2314,1,17714,2,4358,1,407987,1,18385,1,3276,1,0,0,0,0,0,0,0,0,0,1,0,1,9559,1,4518,1,17050,1,9559,1,48,1,0,0,0,0,0,0,0,1,5041,1,4518,1
331,2776900,4518,9559,28.990187,0,0,11,0,0,33681,681,1630,2743219,16,185,30,1,26321,1,10,1,1948798,1,443876,1,105513,1,213902,1,4769,1,37693,1,5581,4,30,4,65106,4,1012,4,1874,8,0,0,1255,132,20,1,76387,1,862,1,2345,1,17915,2,4398,1,402757,1,22073,1,3627,1,0,0,0,0,0,0,0,0,0,1,0,1,9559,1,4518,1,17050,1,9559,1,48,1,0,0,0,0,0,0,0,1,5041,1,4518,1
332,2775000,4518,9559,28.990187,0,0,11,0,0,32753,752,1610,2742247,16,185,10,1,26201,1,50,1,1954168,1,445068,1,104832,1,207200,1,4719,1,32693,1,5621,4,50,4,65406,4,962,4,1914,8,0,0,1265,132,30,1,74554,1,862,1,2234,1,17764,2,4358,1,406063,1,19818,1,4168,1,0,0,0,0,0,0,0,0,0,1,0,1,9559,1,4518,1,17050,1,9559,1,48,1,0,0,0,0,0,0,0,1,5041,1,4518,1
333,2766600,4518,9559,28.990187,0,0,11,0,0,32689,661,1590,2733911,16,185,20,1,26231,1,20,1,1949238,1,439848,1,105463,1,208382,1,4709,1,32292,1,5591,4,30,4,65136,4,1012,4,1854,8,0,0,1275,132,30,1,76127,1,862,1,2495,1,17915,2,4378,1,399540,1,17915,1,3356,1,0,0,0,0,0,0,0,0,0,1,0,1,9559,1,4518,1,17050,1,9559,1,48,1,0,0,0,0,0,0,0,1,5041,1,4518,1
334,2769000,4518,9559,28.990187,0,0,11,0,0,29317,711,1610,2739683,16,185,30,1,26080,1,50,1,1949399,1,447423,1,105493,1,206488,1,4719,1,32112,1,5641,4,21,4,65075,4,1022,4,1854,8,0,0,1265,132,30,1,74373,1,862,1,2525,1,17864,2,4398,1,416964,1,17373,1,3256,1,0,0,0,0,0,0,0,0,0,1,0,1,9559,1,4518,1,17050,1,9559,1,48,1,0,0,0,0,0,0,0,1,5041,1,4518,1
335,2765400,4518,9559,28.990187,0,0,11,0,0,33182,721,1610,2732218,16,185,30,1,27423,1,50,1,1949128,1,436421,1,105043,1,209344,1,4779,1,32853,1,5560,4,40,4,64955,4,992,4,1824,8,0,0,1206,132,20,1,76728,1,862,1,2515,1,17864,2,4409,1,395232,1,28164,1,3306,1,0,0,0,0,0,0,0,0,0,1,0,1,9559,1,4518,1,17050,1,9559,1,48,1,0,0,0,0,0,0,0,1,5041,1,4518,1
336,2980100,4518,9559,28.990187,0,0,11,0,0,41694,1002,3563,2938406,16,185,50,1,34937,1,80,1,2143723,1,433255,1,112026,1,209584,1,4749,1,31761,1,5681,4,50,4,64595,4,1122,4,3908,8,0,0,1467,132,40,1,74804,1,872,1,2284,1,19007,2,4459,1,401143,1,17935,1,3276,1,0,0,0,0,0,0,0,0,0,1,0,1,9559,1,4518,1,17050,1,9559,1,48,1,0,0,0,0,0,0,0,1,5041,1,4518,1
337,3078600,4518,9559,28.990187,0,0,11,0,0,36018,872,2044,3042582,16,185,140,1,32954,1,70,1,2153442,1,445524,1,131443,1,273217,1,5791,1,44506,1,9749,4,40,4,80635,4,1172,4,2365,8,0,0,1493,132,20,1,101927,1,1062,1,3146,1,20770,2,6953,1,400057,1,30709,1,4008,1,0,0,0,0,0,0,0,0,0,1,0,1,9559,1,4518,1,17050,1,9559,1,48,1,0,0,0,0,0,0,0,1,5041,1,4518,1
338,2829300,4518,9559,28.990187,0,0,11,0,0,31155,611,1581,2798145,16,185,40,1,32072,1,70,1,2018171,1,432404,1,105323,1,205316,1,4749,1,31992,1,5591,4,40,4,64674,4,952,4,1884,8,0,0,1255,132,30,1,73913,1,862,1,2575,1,17774,2,4419,1,392357,1,27924,1,3246,1,0,0,0,0,0,0,0,0,0,1,0,1,9559,1,4518,1,17050,1,9559,1,48,1,0,0,0,0,0,0,0,1,5041,1,4518,1
339,2750400,4518,9559,28.990187,0,0,11,0,0,29844,662,1630,2720556,16,185,40,1,27543,1,50,1,1945191,1,429498,1,105684,1,207811,1,4739,1,32052,1,5571,4,40,4,64795,4,952,4,1924,8,0,0,1245,132,30,1,76227,1,862,1,2505,1,17824,2,4368,1,398959,1,18546,1,3266,1,0,0,0,0,0,0,0,0,0,1,0,1,9559,1,4518,1,17050,1,9559,1,48,1,0,0,0,0,0,0,0,1,5041,1,4518,1
340,2773700,4518,9559,28.990187,0,0,11,0,0,30942,772,1699,2742758,16,185,30,1,27273,1,50,1,1946293,1,452573,1,105273,1,206538,1,4729,1,32412,1,5591,4,50,4,65096,4,1002,4,1914,8,0,0,1216,132,30,1,74253,1,862,1,2515,1,17684,2,4358,1,412355,1,27082,1,3306,1,0,0,0,0,0,0,0,0,0,1,0,1,9559,1,4518,1,17050,1,9559,1,48,1,0,0,0,0,0,0,0,1,5041,1,4518,1
341,2773300,4518,9559,28.990187,0,0,11,0,0,32085,662,1600,2741215,16,185,20,1,27243,1,40,1,1949339,1,445058,1,106065,1,208702,1,4749,1,32643,1,5581,4,50,4,64925,4,1001,4,1854,8,0,0,1255,132,10,1,76237,1,872,1,2545,1,17915,2,4409,1,412165,1,19818,1,3266,1,0,0,0,0,0,0,0,0,0,1,0,1,9559,1,4518,1,17050,1,9559,1,48,1,0,0,0,0,0,0,0,1,5041,1,4518,1
342,2773900,4518,9559,28.990187,0,0,11,0,0,31312,822,1571,2742588,16,185,10,1,26080,1,40,1,1950260,1,448565,1,105554,1,207280,1,4799,1,32573,1,5571,4,40,4,65196,4,972,4,1874,8,0,0,1274,132,20,1,74724,1,862,1,2505,1,17674,2,4449,1,406844,1,27393,1,3276,1,0,0,0,0,0,0,0,0,0,1,0,1,9559,1,4518,1,17050,1,9559,1,48,1,0,0,0,0,0,0,0,1,5041,1,4518,1
343,2778600,4518,9559,28.990187,0,0,11,0,0,30852,701,1697,2747748,16,185,30,1,27623,1,90,1,1954328,1,448645,1,104471,1,207821,1,4739,1,32042,1,5651,4,30,4,65025,4,972,4,1894,8,0,0,1168,132,10,1,76137,1,872,1,2254,1,17864,2,4368,1,408738,1,16782,1,3266,1,0,0,0,0,0,0,0,0,0,1,0,1,9559,1,4518,1,17050,1,9559,1,48,1,0,0,0,0,0,0,0,1,5041,1,4518,1
344,2784000,4518,9559,28.990187,0,0,11,0,0,30631,681,1681,2753369,16,185,20,1,27182,1,30,1,1955220,1,449817,1,109331,1,207029,1,4739,1,32823,1,5621,4,30,4,65035,4,1062,4,1874,8,0,0,1255,132,30,1,74534,1,872,1,2224,1,17834,2,4409,1,418547,1,18245,1,3266,1,0,0,0,0,0,0,0,0,0,1,0,1,9559,1,4518,1,17050,1,9559,1,48,1,0,0,0,0,0,0,0,1,5041,1,4518,1
345,2770100,4518,9559,28.990187,0,0,11,0,0,32111,681,1562,2737989,16,185,20,1,27443,1,60,1,1955420,1,436993,1,105313,1,208021,1,4719,1,32463,1,5600,4,40,4,65055,4,982,4,1884,8,0,0,1303,132,20,1,76287,1,862,1,2254,1,17564,2,4328,1,405742,1,18095,1,3276,1,0,0,0,0,0,0,0,0,0,1,0,1,9559,1,4518,1,17050,1,9559,1,48,1,0,0,0,0,0,0,0,1,5041,1,4518,1
346,2771700,4518,9559,28.990187,0,0,11,0,0,28952,742,1590,2742748,16,185,20,1,27152,1,40,1,1955350,1,442774,1,106195,1,206488,1,4729,1,32172,1,5601,4,40,4,65035,4,1022,4,1834,8,0,0,1265,132,30,1,74474,1,862,1,2264,1,17995,2,4419,1,413066,1,17594,1,3266,1,0,0,0,0,0,0,0,0,0,1,0,1,9559,1,4518,1,17050,1,9559,1,48,1,0,0,0,0,0,0,0,1,5041,1,4518,1
347,2780700,4518,9559,28.990187,0,0,11,0,0,30086,711,1661,2750614,16,185,10,1,27273,1,50,1,1949850,1,455158,1,105664,1,207881,1,4729,1,32222,1,5501,4,40,4,64915,4,1012,4,1904,8,0,0,1255,132,30,1,76027,1,852,1,2244,1,17995,2,4429,1,414479,1,18215,1,4048,1,0,0,0,0,0,0,0,0,0,1,0,1,9559,1,4518,1,17050,1,9559,1,48,1,0,0,0,0,0,0,0,1,5041,1,4518,1
348,2813500,4518,9559,28.990187,0,0,11,0,0,29783,1272,1914,2783717,16,185,10,1,27513,1,50,1,1950661,1,442764,1,105093,1,252838,1,4789,1,45207,1,8677,4,30,4,78251,4,1553,4,2805,8,0,0,2444,132,30,1,85084,1,862,1,2284,1,21922,2,4859,1,411904,1,17514,1,3306,1,0,0,0,0,0,0,0,0,0,1,0,1,9559,1,4518,1,17050,1,9559,1,48,1,0,0,0,0,0,0,0,1,5041,1,4518,1
349,2871200,4518,9559,28.990187,0,0,11,0,0,36474,1002,1589,2834726,16,185,200,1,37542,1,80,1,2020476,1,447363,1,112567,1,211738,1,4759,1,33084,1,5481,4,60,4,64665,4,1052,4,2144,8,0,0,1607,132,30,1,77900,1,882,1,2314,1,18706,2,4419,1,415010,1,18055,1,3236,1,0,0,0,0,0,0,0,0,0,1,0,1,9559,1,4518,1,17050,1,9559,1,48,1,0,0,0,0,0,0,0,1,5041,1,4518,1
350,2896000,4518,9559,28.990187,0,0,11,0,0,30094,751,1599,2865906,16,185,30,1,33064,1,100,1,2057938,1,454637,1,108229,1,207189,1,4719,1,32042,1,5551,4,30,4,64755,4,992,4,1864,8,0,0,1256,132,10,1,74333,1,862,1,2274,1,19277,2,4449,1,412305,1,28345,1,3236,1,0,0,0,0,0,0,0,0,0,1,0,1,9559,1,4518,1,17050,1,9559,1,48,1,0,0,0,0,0,0,0,1,5041,1,4518,1
351,2761000,4518,9559,28.990187,0,0,11,0,0,30064,771,1680,2730936,16,185,10,1,27653,1,50,1,1946423,1,436061,1,107006,1,209013,1,4719,1,32473,1,5571,4,40,4,65025,4,1022,4,1924,8,0,0,1266,132,10,1,76648,1,862,1,2224,1,18055,2,4388,1,403728,1,17754,1,3266,1,0,0,0,0,0,0,0,0,0,1,0,1,9559,1,4518,1,17050,1,9559,1,48,1,0,0,0,0,0,0,0,1,5041,1,4518,1
352,2783600,4518,9559,28.990187,0,0,11,0,0,31113,742,1680,2752487,16,185,10,1,26611,1,20,1,1950170,1,457272,1,106285,1,207380,1,4739,1,32783,1,5581,4,40,4,65165,4,1012,4,2194,8,0,0,1526,132,10,1,74243,1,862,1,2304,1,18055,2,4388,1,425500,1,18405,1,3326,1,0,0,0,0,0,0,0,0,0,1,0,1,9559,1,4518,1,17050,1,9559,1,48,1,0,0,0,0,0,0,0,1,5041,1,4518,1
353,2817600,4518,9559,28.990187,0,0,11,0,0,33151,2805,1569,2784449,16,185,60,1,27794,1,100,1,1983204,1,446110,1,110513,1,211889,1,4779,1,32613,1,5581,4,40,4,64585,4,1052,4,1814,8,0,0,1296,132,30,1,77049,1,872,1,2204,1,18646,2,4599,1,409289,1,18025,1,4328,1,0,0,0,0,0,0,0,0,0,1,0,1,9559,1,4518,1,17050,1,9559,1,48,1,0,0,0,0,0,0,0,1,5041,1,4518,1
354,2826600,4518,9559,28.990187,0,0,11,0,0,34376,741,1620,2792224,16,185,50,1,31992,1,70,1,1989065,1,452643,1,106956,1,206689,1,4759,1,32753,1,5531,4,40,4,65156,4,1022,4,1864,8,0,0,1265,132,20,1,74454,1,872,1,2345,1,17484,2,4409,1,410461,1,29226,1,3266,1,0,0,0,0,0,0,0,0,0,1,0,1,9559,1,4518,1,17050,1,9559,1,48,1,0,0,0,0,0,0,0,1,5041,1,4518,1
355,2760100,4518,9559,28.990187,0,0,11,0,0,29966,801,1579,2730134,16,185,20,1,27162,1,60,1,1949719,1,434698,1,105764,1,208001,1,4709,1,32423,1,5571,4,21,4,64695,4,972,4,1854,8,0,0,1246,132,20,1,76397,1,862,1,2234,1,17684,2,4469,1,403187,1,18355,1,3286,1,0,0,0,0,0,0,0,0,0,1,0,1,9559,1,4518,1,17050,1,9559,1,48,1,0,0,0,0,0,0,0,1,5041,1,4518,1
356,2749300,4518,9559,28.990187,0,0,11,0,0,29947,771,1611,2719353,16,185,40,1,27453,1,60,1,1947896,1,426412,1,106545,1,206218,1,4729,1,31841,1,5621,4,30,4,65085,4,992,4,1884,8,0,0,1265,132,20,1,74744,1,872,1,2254,1,17694,2,4409,1,395152,1,17925,1,3316,1,0,0,0,0,0,0,0,0,0,1,0,1,9559,1,4518,1,17050,1,9559,1,48,1,0,0,0,0,0,0,0,1,5041,1,4518,1
357,2774700,4518,9559,28.990187,0,0,11,0,0,29747,632,1669,2744953,16,185,40,1,27673,1,40,1,1955871,1,441832,1,106275,1,208482,1,4739,1,32302,1,5661,4,50,4,65025,4,982,4,1924,8,0,0,1236,132,10,1,76558,1,872,1,2284,1,17824,2,4358,1,400653,1,28004,1,3306,1,0,0,0,0,0,0,0,0,0,1,0,1,9559,1,4518,1,17050,1,9559,1,48,1,0,0,0,0,0,0,0,1,5041,1,4518,1
358,2756500,4518,9559,28.990187,0,0,11,0,0,29302,772,1590,2727198,16,185,30,1,26822,1,60,1,1949168,1,434798,1,105002,1,206578,1,4739,1,32382,1,5621,4,40,4,65005,4,992,4,1823,8,0,0,1225,132,10,1,74664,1,862,1,2254,1,17824,2,4328,1,401374,1,20159,1,3336,1,0,0,0,0,0,0,0,0,0,1,0,1,9559,1,4518,1,17050,1,9559,1,48,1,0,0,0,0,0,0,0,1,5041,1,4518,1
359,2748400,4518,9559,28.990187,0,0,11,0,0,28556,661,1592,2719844,16,185,30,1,27082,1,30,1,1948778,1,424919,1,105894,1,208462,1,4649,1,32533,1,5571,4,30,4,65055,4,992,4,1854,8,0,0,1254,132,20,1,76277,1,862,1,2244,1,17955,2,4409,1,394100,1,17774,1,3286,1,0,0,0,0,0,0,0,0,0,1,0,1,9559,1,4518,1,17050,1,9559,1,48,1,0,0,0,0,0,0,0,1,5041,1,4518,1
360,2780700,4518,9559,28.990187,0,0,11,0,0,30617,771,1689,2750083,16,185,40,1,27202,1,70,1,1962043,1,441561,1,105554,1,208823,1,4789,1,33505,1,5691,4,40,4,65096,4,1022,4,1874,8,0,0,1207,132,20,1,75255,1,852,1,2304,1,17965,2,4429,1,410922,1,18035,1,3276,1,0,0,0,0,0,0,0,0,0,1,0,1,9559,1,4518,1,17050,1,9559,1,48,1,0,0,0,0,0,0,0,1,5041,1,4518,1
361,2774900,4518,9559,28.990187,0,0,11,0,0,28805,851,1770,2746095,16,185,30,1,27383,1,60,1,1949569,1,438325,1,110513,1,215485,1,4729,1,38645,1,5591,4,40,4,65096,4,1052,4,2014,8,0,0,1296,132,20,1,76477,1,862,1,2244,1,18155,2,4439,1,408027,1,18255,1,3316,1,0,0,0,0,0,0,0,0,0,1,0,1,9559,1,4518,1,17050,1,9559,1,48,1,0,0,0,0,0,0,0,1,5041,1,4518,1
362,2762400,4518,9559,28.990187,0,0,11,0,0,33829,712,1640,2728571,16,185,50,1,27383,1,50,1,1949038,1,435800,1,104672,1,206819,1,4759,1,32713,1,5521,4,40,4,64925,4,1022,4,1864,8,0,0,1245,132,20,1,74924,1,872,1,2294,1,17544,2,4368,1,407085,1,16572,1,3266,1,0,0,0,0,0,0,0,0,0,1,0,1,9559,1,4518,1,17050,1,9559,1,48,1,0,0,0,0,0,0,0,1,5041,1,4518,1
363,2775900,4518,9559,28.990187,0,0,11,0,0,32751,731,1600,2743149,16,185,20,1,26912,1,40,1,1955310,1,441491,1,104942,1,209694,1,4739,1,32823,1,5531,4,30,4,65045,4,1002,4,1844,8,0,0,1245,132,10,1,77059,1,862,1,2545,1,17774,2,4439,1,401063,1,28204,1,3316,1,0,0,0,0,0,0,0,0,0,1,0,1,9559,1,4518,1,17050,1,9559,1,48,1,0,0,0,0,0,0,0,1,5041,1,4518,1
364,2773100,4518,9559,28.990187,0,0,11,0,0,30662,791,1531,2742438,16,185,10,1,25619,1,20,1,1951012,1,446882,1,106686,1,207470,1,4739,1,32823,1,5510,4,31,4,65166,4,972,4,1834,8,0,0,1275,132,20,1,74594,1,872,1,2495,1,17925,2,4439,1,409650,1,23776,1,3276,1,0,0,0,0,0,0,0,0,0,1,0,1,9559,1,4518,1,17050,1,9559,1,48,1,0,0,0,0,0,0,0,1,5041,1,4518,1
365,2843600,4518,9559,28.990187,0,0,11,0,0,37539,741,1609,2806061,16,185,20,1,27563,1,30,1,1952655,1,505966,1,106826,1,208252,1,4749,1,32372,1,5551,4,40,4,64895,4,992,4,1864,8,0,0,1246,132,20,1,76668,1,862,1,2525,1,17384,2,4338,1,464636,1,27994,1,3266,1,0,0,0,0,0,0,0,0,0,1,0,1,9559,1,4518,1,17050,1,9559,1,48,1,0,0,0,0,0,0,0,1,5041,1,4518,1
366,3148200,4518,9559,28.990187,0,0,11,0,0,47967,2896,2164,3100233,16,185,140,1,36560,1,80,1,2187257,1,467196,1,140070,1,263017,1,5911,1,40388,1,7825,4,80,4,80916,4,1393,4,2365,8,0,0,1593,132,30,1,94703,1,1152,1,2926,1,22423,2,5921,1,425024,1,20359,1,4048,1,0,0,0,0,0,0,0,0,0,1,0,1,9559,1,4518,1,17050,1,9559,1,48,1,0,0,0,0,0,0,0,1,5041,1,4518,1
367,2880600,4518,9559,28.990187,0,0,11,0,0,29964,721,1602,2850636,16,185,60,1,33184,1,40,1,2062667,1,435810,1,105954,1,208242,1,4679,1,32332,1,5641,4,40,4,64785,4,1002,4,1914,8,0,0,1313,132,10,1,76417,1,852,1,2505,1,17574,2,4449,1,395803,1,18135,1,4008,1,0,0,0,0,0,0,0,0,0,1,0,1,9559,1,4518,1,17050,1,9559,1,48,1,0,0,0,0,0,0,0,1,5041,1,4518,1
368,2756900,4518,9559,28.990187,0,0,11,0,0,29411,822,1701,2727489,16,185,50,1,27222,1,40,1,1943718,1,441391,1,104712,1,205647,1,4709,1,31771,1,5551,4,30,4,64805,4,1112,4,1863,8,0,0,1274,132,20,1,74333,1,862,1,2515,1,17634,2,4328,1,410982,1,18416,1,3276,1,0,0,0,0,0,0,0,0,0,1,0,1,9559,1,4518,1,17050,1,9559,1,48,1,0,0,0,0,0,0,0,1,5041,1,4518,1
369,2765000,4518,9559,28.990187,0,0,11,0,0,29676,751,1660,2735324,16,185,30,1,27433,1,30,1,1947856,1,440950,1,105433,1,208873,1,4719,1,32332,1,5591,4,40,4,65075,4,992,4,1914,8,0,0,1246,132,10,1,76578,1,862,1,2535,1,17824,2,4368,1,400382,1,27403,1,3316,1,0,0,0,0,0,0,0,0,0,1,0,1,9559,1,4518,1,17050,1,9559,1,48,1,0,0,0,0,0,0,0,1,5041,1,4518,1
370,2946100,4518,9559,28.990187,0,0,11,0,0,36790,962,4607,2909310,16,185,180,1,33485,1,110,1,2084359,1,463323,1,112697,1,210436,1,4719,1,32032,1,5651,4,70,4,64274,4,1834,4,4770,8,0,0,1996,132,40,1,74554,1,932,1,2395,1,18536,2,4388,1,420170,1,27914,1,3256,1,0,0,0,0,0,0,0,0,0,1,0,1,9559,1,4518,1,17050,1,9559,1,48,1,0,0,0,0,0,0,0,1,5041,1,4518,1
371,2878900,4518,9559,28.990187,0,0,11,0,0,34115,651,1630,2844785,16,185,70,1,32623,1,30,1,2062537,1,433245,1,104572,1,206969,1,4739,1,31801,1,5631,4,30,4,64674,4,1012,4,1834,8,0,0,1216,132,20,1,75846,1,862,1,2505,1,17694,2,4409,1,396444,1,23726,1,3236,1,0,0,0,0,0,0,0,0,0,1,0,1,9559,1,4518,1,17050,1,9559,1,48,1,0,0,0,0,0,0,0,1,5041,1,4518,1
372,2754800,4518,9559,28.990187,0,0,11,0,0,31399,701,1611,2723401,16,185,40,1,25980,1,80,1,1944109,1,437203,1,105433,1,205837,1,4719,1,32222,1,5571,4,30,4,64685,4,1002,4,1874,8,0,0,1265,132,10,1,74213,1,862,1,2585,1,17594,2,4489,1,405402,1,18666,1,3246,1,0,0,0,0,0,0,0,0,0,1,0,1,9559,1,4518,1,17050,1,9559,1,48,1,0,0,0,0,0,0,0,1,5041,1,4518,1
373,2760500,4518,9559,28.990187,0,0,11,0,0,29013,681,1608,2731487,16,185,20,1,26852,1,40,1,1948657,1,436421,1,105513,1,209243,1,4739,1,32803,1,5601,4,30,4,64995,4,972,4,1844,8,0,0,1207,132,20,1,76237,1,872,1,2515,1,18255,2,4419,1,396474,1,17884,1,3346,1,0,0,0,0,0,0,0,0,0,1,0,1,9559,1,4518,1,17050,1,9559,1,48,1,0,0,0,0,0,0,0,1,5041,1,4518,1
374,2768400,4518,9559,28.990187,0,0,11,0,0,29759,691,1681,2738641,16,185,30,1,27202,1,50,1,1950130,1,444738,1,104662,1,207059,1,4769,1,32402,1,5591,4,30,4,65136,4,1082,4,1984,8,0,0,1385,132,10,1,74353,1,862,1,2635,1,17985,2,4298,1,402757,1,22734,1,3787,1,0,0,0,0,0,0,0,0,0,1,0,1,9559,1,4518,1,17050,1,9559,1,48,1,0,0,0,0,0,0,0,1,5041,1,4518,1
375,2765300,4518,9559,28.990187,0,0,11,0,0,29976,711,1572,2735324,16,185,40,1,27423,1,120,1,1955140,1,434017,1,104972,1,208883,1,4729,1,32382,1,5631,4,40,4,65156,4,932,4,1914,8,0,0,1274,132,20,1,76437,1,872,1,2535,1,17935,2,4318,1,398639,1,23425,1,3296,1,0,0,0,0,0,0,0,0,0,1,0,1,9559,1,4518,1,17050,1,9559,1,48,1,0,0,0,0,0,0,0,1,5041,1,4518,1
376,2812500,4518,9559,28.990187,0,0,11,0,0,28632,701,1651,2783868,16,185,10,1,27593,1,10,1,1951944,1,487119,1,105373,1,207109,1,4709,1,32673,1,5611,4,21,4,65136,4,1042,4,1874,8,0,0,1264,132,20,1,74584,1,862,1,2535,1,17534,2,4519,1,455488,1,18365,1,3296,1,0,0,0,0,0,0,0,0,0,1,0,1,9559,1,4518,1,17050,1,9559,1,48,1,0,0,0,0,0,0,0,1,5041,1,4518,1
377,2785400,4518,9559,28.990187,0,0,11,0,0,30298,772,1600,2755102,16,185,40,1,27693,1,40,1,1956352,1,451721,1,105784,1,208712,1,4759,1,32262,1,5621,4,40,4,65045,4,1002,4,1874,8,0,0,1275,132,20,1,76467,1,862,1,2525,1,17804,2,4419,1,413537,1,25058,1,3306,1,0,0,0,0,0,0,0,0,0,1,0,1,9559,1,4518,1,17050,1,9559,1,48,1,0,0,0,0,0,0,0,1,5041,1,4518,1
378,2779600,4518,9559,28.990187,0,0,11,0,0,34958,671,1598,2744642,16,185,30,1,27733,1,50,1,1949258,1,446992,1,109661,1,206188,1,4729,1,31992,1,5631,4,30,4,64985,4,942,4,1834,8,0,0,1178,132,20,1,74464,1,862,1,2645,1,17694,2,4419,1,405762,1,20690,1,3547,1,0,0,0,0,0,0,0,0,0,1,0,1,9559,1,4518,1,17050,1,9559,1,48,1,0,0,0,0,0,0,0,1,5041,1,4518,1
379,2748500,4518,9559,28.990187,0,0,11,0,0,33695,681,1630,2714805,16,185,20,1,25329,1,20,1,1949359,1,421332,1,105433,1,208652,1,4659,1,32412,1,5561,4,40,4,65136,4,942,4,1914,8,0,0,1225,132,20,1,76237,1,852,1,2515,1,17925,2,4419,1,390323,1,19057,1,3266,1,0,0,0,0,0,0,0,0,0,1,0,1,9559,1,4518,1,17050,1,9559,1,48,1,0,0,0,0,0,0,0,1,5041,1,4518,1
380,2766800,4518,9559,28.990187,0,0,11,0,0,30604,702,1630,2736196,16,185,40,1,26271,1,110,1,1955931,1,436892,1,105774,1,206448,1,4729,1,32032,1,5561,4,40,4,65075,4,932,4,1944,8,0,0,1246,132,20,1,74564,1,872,1,2244,1,17994,2,4469,1,405692,1,18175,1,3306,1,0,0,0,0,0,0,0,0,0,1,0,1,9559,1,4518,1,17050,1,9559,1,48,1,0,0,0,0,0,0,0,1,5041,1,4518,1
381,2778500,4518,9559,28.990187,0,0,11,0,0,30061,782,1511,2748439,16,185,80,1,27273,1,50,1,1948537,1,454276,1,104752,1,208732,1,4739,1,32683,1,5641,4,40,4,65306,4,942,4,1844,8,0,0,1275,132,10,1,76337,1,872,1,2244,1,17624,2,4409,1,422034,1,18726,1,3256,1,0,0,0,0,0,0,0,0,0,1,0,1,9559,1,4518,1,17050,1,9559,1,48,1,0,0,0,0,0,0,0,1,5041,1,4518,1
382,2766400,4518,9559,28.990187,0,0,11,0,0,30585,741,1640,2735815,16,185,20,1,27523,1,60,1,1953557,1,439337,1,103970,1,206618,1,4729,1,32332,1,5611,4,30,4,65005,4,982,4,1864,8,0,0,1206,132,20,1,74434,1,862,1,2405,1,17925,2,4409,1,398999,1,27082,1,3296,1,0,0,0,0,0,0,0,0,0,1,0,1,9559,1,4518,1,17050,1,9559,1,48,1,0,0,0,0,0,0,0,1,5041,1,4518,1
383,2954000,4518,9559,28.990187,0,0,11,0,0,35823,1143,5057,2918177,16,185,180,1,37011,1,80,1,2108946,1,436381,1,113359,1,217419,1,4799,1,32954,1,5611,4,70,4,65396,4,4548,4,2274,8,0,0,1766,132,50,1,78822,1,872,1,2264,1,18916,2,4499,1,392467,1,28214,1,3246,1,0,0,0,0,0,0,0,0,0,1,0,1,9559,1,4518,1,17050,1,9559,1,48,1,0,0,0,0,0,0,0,1,5041,1,4518,1
384,2760200,4518,9559,28.990187,0,0,11,0,0,29344,692,1560,2730856,16,185,30,1,27984,1,40,1,1949028,1,437554,1,104962,1,206548,1,4709,1,32082,1,5591,4,40,4,64835,4,962,4,1854,8,0,0,1255,132,20,1,74203,1,862,1,2254,1,18796,2,4358,1,396805,1,27703,1,3286,1,0,0,0,0,0,0,0,0,0,1,0,1,9559,1,4518,1,17050,1,9559,1,48,1,0,0,0,0,0,0,0,1,5041,1,4518,1
385,2753300,4518,9559,28.990187,0,0,11,0,0,29368,711,1680,2723932,16,185,40,1,26812,1,30,1,1938448,1,439588,1,105513,1,208793,1,4709,1,32513,1,5580,4,30,4,65035,4,982,4,1924,8,0,0,1225,132,20,1,76447,1,872,1,2274,1,17915,2,4489,1,408488,1,18095,1,3266,1,0,0,0,0,0,0,0,0,0,1,0,1,9559,1,4518,1,17050,1,9559,1,48,1,0,0,0,0,0,0,0,1,5041,1,4518,1
386,2768400,4518,9559,28.990187,0,0,11,0,0,30020,691,1826,2738380,16,185,10,1,27563,1,60,1,1950150,1,444367,1,104291,1,207200,1,4739,1,32352,1,5621,4,40,4,64985,4,1042,4,1884,8,0,0,1100,132,20,1,74945,1,862,1,2274,1,18025,2,4459,1,402216,1,29026,1,3266,1,0,0,0,0,0,0,0,0,0,1,0,1,9559,1,4518,1,17050,1,9559,1,48,1,0,0,0,0,0,0,0,1,5041,1,4518,1
387,2804300,4518,9559,28.990187,0,0,11,0,0,35141,822,1649,2769159,16,185,30,1,27503,1,70,1,1950070,1,448114,1,105734,1,230224,1,7414,1,32262,1,5600,4,30,4,64905,4,1002,4,1914,8,0,0,1266,132,20,1,91116,1,1413,1,2264,1,21752,2,7124,1,407095,1,19738,1,3918,1,0,0,0,0,0,0,0,0,0,1,0,1,9559,1,4518,1,17050,1,9559,1,48,1,0,0,0,0,0,0,0,1,5041,1,4518,1
388,2780800,4518,9559,28.990187,0,0,11,0,0,37000,821,1750,2743800,16,185,20,1,26401,1,100,1,1949038,1,447984,1,107337,1,208171,1,4749,1,32483,1,5561,4,50,4,65186,4,1102,4,1924,8,0,0,1276,132,30,1,75626,1,862,1,2274,1,17714,2,4539,1,404941,1,28976,1,3256,1,0,0,0,0,0,0,0,0,0,1,0,1,9559,1,4518,1,17050,1,9559,1,48,1,0,0,0,0,0,0,0,1,5041,1,4518,1
389,2775000,4518,9559,28.990187,0,0,11,0,0,32582,842,1660,2742418,16,185,30,1,26241,1,40,1,1949379,1,445679,1,107497,1,208813,1,4739,1,32312,1,5581,4,40,4,65125,4,972,4,1884,8,0,0,1196,132,10,1,76938,1,862,1,2254,1,17564,2,4429,1,412044,1,18987,1,3306,1,0,0,0,0,0,0,0,0,0,1,0,1,9559,1,4518,1,17050,1,9559,1,48,1,0,0,0,0,0,0,0,1,5041,1,4518,1
390,2776100,4518,9559,28.990187,0,0,11,0,0,32770,742,1641,2743330,16,185,20,1,27022,1,20,1,1955280,1,442994,1,106565,1,206668,1,4759,1,31952,1,5601,4,50,4,65035,4,1032,4,1884,8,0,0,1275,132,10,1,75185,1,862,1,2244,1,17624,2,4449,1,410642,1,18596,1,3286,1,0,0,0,0,0,0,0,0,0,1,0,1,9559,1,4518,1,17050,1,9559,1,48,1,0,0,0,0,0,0,0,1,5041,1,4518,1
391,2770500,4518,9559,28.990187,0,0,11,0,0,30096,731,1612,2740404,16,185,40,1,26361,1,50,1,1949088,1,444597,1,106806,1,208682,1,4779,1,32533,1,5651,4,30,4,65116,4,1032,4,1884,8,0,0,1304,132,10,1,76718,1,872,1,2324,1,17394,2,4388,1,403578,1,28826,1,3296,1,0,0,0,0,0,0,0,0,0,1,0,1,9559,1,4518,1,17050,1,9559,1,48,1,0,0,0,0,0,0,0,1,5041,1,4518,1
392,2767300,4518,9559,28.990187,0,0,11,0,0,29932,691,1708,2737368,16,185,10,1,27553,1,120,1,1949629,1,443896,1,104962,1,206448,1,4749,1,31972,1,5531,4,40,4,64965,4,1022,4,1904,8,0,0,1217,132,20,1,75055,1,872,1,2244,1,17694,2,4439,1,403077,1,19478,1,4258,1,0,0,0,0,0,0,0,0,0,1,0,1,9559,1,4518,1,17050,1,9559,1,48,1,0,0,0,0,0,0,0,1,5041,1,4518,1
393,2771900,4518,9559,28.990187,0,0,11,0,0,34271,721,1612,2737629,16,185,20,1,27333,1,40,1,1956883,1,434117,1,105784,1,208692,1,4759,1,32052,1,5621,4,30,4,65216,4,992,4,1864,8,0,0,1244,132,20,1,76738,1,872,1,2264,1,17854,2,4449,1,404550,1,16442,1,3256,1,0,0,0,0,0,0,0,0,0,1,0,1,9559,1,4518,1,17050,1,9559,1,48,1,0,0,0,0,0,0,0,1,5041,1,4518,1
394,2771800,4518,9559,28.990187,0,0,11,0,0,31136,751,1669,2740664,16,185,30,1,27563,1,30,1,1950240,1,445228,1,105684,1,207159,1,4729,1,32322,1,5711,4,40,4,65166,4,1042,4,1864,8,0,0,1237,132,10,1,74945,1,872,1,2234,1,17724,2,4479,1,415561,1,17654,1,3326,1,0,0,0,0,0,0,0,0,0,1,0,1,9559,1,4518,1,17050,1,9559,1,48,1,0,0,0,0,0,0,0,1,5041,1,4518,1
395,2788900,4518,9559,28.990187,0,0,11,0,0,32135,822,1592,2756765,16,185,130,1,26732,1,50,1,1949178,1,451871,1,109251,1,214824,1,4729,1,38093,1,5611,4,30,4,65025,4,992,4,1883,8,0,0,1284,132,20,1,76988,1,872,1,2244,1,17784,2,4459,1,400252,1,38574,1,3276,1,0,0,0,0,0,0,0,0,0,1,0,1,9559,1,4518,1,17050,1,9559,1,48,1,0,0,0,0,0,0,0,1,5041,1,4518,1
396,2774100,4518,9559,28.990187,0,0,11,0,0,31422,711,1590,2742678,16,185,10,1,25519,1,40,1,1959418,1,439968,1,105814,1,207159,1,4749,1,32753,1,5591,4,60,4,65035,4,962,4,1894,8,0,0,1265,132,20,1,74834,1,862,1,2214,1,17814,2,4409,1,399380,1,20139,1,3767,1,0,0,0,0,0,0,0,0,0,1,0,1,9559,1,4518,1,17050,1,9559,1,48,1,0,0,0,0,0,0,0,1,5041,1,4518,1
397,2772500,4518,9559,28.990187,0,0,11,0,0,34561,741,1650,2737939,16,185,10,1,27723,1,30,1,1955811,1,435700,1,105223,1,208722,1,4719,1,32463,1,5590,4,30,4,65075,4,1002,4,1914,8,0,0,1265,132,20,1,76968,1,862,1,2234,1,17464,2,4358,1,406093,1,16572,1,3276,1,0,0,0,0,0,0,0,0,0,1,0,1,9559,1,4518,1,17050,1,9559,1,48,1,0,0,0,0,0,0,0,1,5041,1,4518,1
398,2757300,4518,9559,28.990187,0,0,11,0,0,31364,702,1669,2725936,16,185,20,1,26471,1,40,1,1949399,1,431692,1,106515,1,207049,1,4749,1,32352,1,5611,4,40,4,65055,4,1012,4,1894,8,0,0,1237,132,30,1,74945,1,862,1,2274,1,17804,2,4469,1,397106,1,22012,1,3306,1,0,0,0,0,0,0,0,0,0,1,0,1,9559,1,4518,1,17050,1,9559,1,48,1,0,0,0,0,0,0,0,1,5041,1,4518,1
399,2777600,4518,9559,28.990187,0,0,11,0,0,31625,951,1581,2745975,16,185,10,1,27523,1,30,1,1971521,1,421984,1,105874,1,214313,1,4719,1,32723,1,5611,4,21,4,65176,4,1032,4,1834,8,0,0,1285,132,20,1,79704,1,862,1,2445,1,19588,2,4348,1,391365,1,17323,1,3306,1,0,0,0,0,0,0,0,0,0,1,0,1,9559,1,4518,1,17050,1,9559,1,48,1,0,0,0,0,0,0,0,1,5041,1,4518,1
400,2941300,4518,9559,28.990187,0,0,11,0,0,47190,1162,1691,2894110,16,185,130,1,34286,1,40,1,2089559,1,440229,1,112266,1,212800,1,4799,1,33254,1,5531,4,60,4,65176,4,1132,4,2485,8,0,0,1926,132,30,1,76858,1,862,1,2294,1,19407,2,4549,1,398879,1,27102,1,3286,1,0,0,0,0,0,0,0,0,0,1,0,1,9559,1,4518,1,17050,1,9559,1,48,1,0,0,0,0,0,0,0,1,5041,1,4518,1
401,2794300,4518,9559,28.990187,0,0,11,0,0,32685,761,1610,2761615,16,185,30,1,26822,1,90,1,1969968,1,445549,1,105283,1,209163,1,4709,1,32312,1,5621,4,40,4,64705,4,982,4,1884,8,0,0,1255,132,30,1,76397,1,862,1,2204,1,18806,2,4559,1,413297,1,19307,1,3236,1,0,0,0,0,0,0,0,0,0,1,0,1,9559,1,4518,1,17050,1,9559,1,48,1,0,0,0,0,0,0,0,1,5041,1,4518,1
402,2760300,4518,9559,28.990187,0,0,11,0,0,30837,721,1588,2729463,16,185,30,1,26952,1,40,1,1944840,1,443225,1,104181,1,205496,1,4699,1,32022,1,5601,4,30,4,64735,4,972,4,1824,8,0,0,1207,132,20,1,74203,1,852,1,2254,1,17834,2,4429,1,413267,1,18055,1,3286,1,0,0,0,0,0,0,0,0,0,1,0,1,9559,1,4518,1,17050,1,9559,1,48,1,0,0,0,0,0,0,0,1,5041,1,4518,1
403,2762600,4518,9559,28.990187,0,0,11,0,0,30091,712,1582,2732509,16,185,50,1,27503,1,50,1,1948457,1,438335,1,105033,1,208352,1,4729,1,32372,1,5590,4,40,4,65075,4,1022,4,1864,8,0,0,1303,132,10,1,76307,1,872,1,2224,1,17764,2,4499,1,399500,1,26762,1,3316,1,0,0,0,0,0,0,0,0,0,1,0,1,9559,1,4518,1,17050,1,9559,1,48,1,0,0,0,0,0,0,0,1,5041,1,4518,1
404,2897400,4518,9559,28.990187,0,0,11,0,0,33959,821,1670,2863441,16,185,200,1,33675,1,110,1,2050774,1,455669,1,111134,1,207119,1,4759,1,32382,1,6071,4,60,4,64474,4,1052,4,2465,8,0,0,1848,132,20,1,74413,1,882,1,2254,1,17684,2,4539,1,423416,1,17524,1,3236,1,0,0,0,0,0,0,0,0,0,1,0,1,9559,1,4518,1,17050,1,9559,1,48,1,0,0,0,0,0,0,0,1,5041,1,4518,1
405,2968400,4518,9559,28.990187,0,0,11,0,0,31237,792,1798,2937163,16,185,70,1,33455,1,70,1,2133864,1,446661,1,108038,1,210225,1,4779,1,33194,1,5571,4,60,4,64735,4,1162,4,1854,8,0,0,1218,132,30,1,76568,1,862,1,2234,1,18576,2,4589,1,413307,1,18706,1,3236,1,0,0,0,0,0,0,0,0,0,1,0,1,9559,1,4518,1,17050,1,9559,1,48,1,0,0,0,0,0,0,0,1,5041,1,4518,1
406,2749300,4518,9559,28.990187,0,0,11,0,0,29897,742,1660,2719403,16,185,20,1,27483,1,60,1,1934851,1,437474,1,107597,1,207169,1,4749,1,32312,1,5631,4,40,4,65186,4,1051,4,1844,8,0,0,1235,132,30,1,74764,1,862,1,2284,1,17985,2,4439,1,406283,1,17644,1,3286,1,0,0,0,0,0,0,0,0,0,1,0,1,9559,1,4518,1,17050,1,9559,1,48,1,0,0,0,0,0,0,0,1,5041,1,4518,1
407,2760700,4518,9559,28.990187,0,0,11,0,0,31528,652,1621,2729172,16,185,40,1,27403,1,60,1,1949990,1,432354,1,106525,1,208061,1,4739,1,32272,1,5531,4,40,4,64975,4,1032,4,1893,8,0,0,1305,132,20,1,76708,1,872,1,2274,1,17373,2,4419,1,399611,1,18997,1,3256,1,0,0,0,0,0,0,0,0,0,1,0,1,9559,1,4518,1,17050,1,9559,1,48,1,0,0,0,0,0,0,0,1,5041,1,4518,1
408,2760700,4518,9559,28.990187,0,0,11,0,0,29173,702,1609,2731527,16,185,50,1,27152,1,40,1,1949359,1,437584,1,105794,1,206809,1,4739,1,32332,1,5611,4,40,4,65276,4,972,4,1864,8,0,0,1227,132,30,1,74584,1,862,1,2234,1,17895,2,4409,1,406033,1,18045,1,3326,1,0,0,0,0,0,0,0,0,0,1,0,1,9559,1,4518,1,17050,1,9559,1,48,1,0,0,0,0,0,0,0,1,5041,1,4518,1
409,2759300,4518,9559,28.990187,0,0,11,0,0,32302,702,1630,2726998,16,185,30,1,26932,1,100,1,1938468,1,443335,1,105063,1,208352,1,4719,1,32122,1,5631,4,40,4,65075,4,1032,4,1844,8,0,0,1245,132,20,1,76528,1,862,1,2244,1,17925,2,4328,1,412105,1,18005,1,3256,1,0,0,0,0,0,0,0,0,0,1,0,1,9559,1,4518,1,17050,1,9559,1,48,1,0,0,0,0,0,0,0,1,5041,1,4518,1
410,2777300,4518,9559,28.990187,0,0,11,0,0,31145,682,1661,2746155,16,185,20,1,27323,1,60,1,1959378,1,443164,1,104882,1,206588,1,4739,1,32252,1,5580,4,40,4,65096,4,1042,4,1923,8,0,0,1304,132,30,1,74624,1,862,1,2294,1,17864,2,4298,1,413367,1,16612,1,3306,1,0,0,0,0,0,0,0,0,0,1,0,1,9559,1,4518,1,17050,1,9559,1,48,1,0,0,0,0,0,0,0,1,5041,1,4518,1
411,2771500,4518,9559,28.990187,0,0,11,0,0,30305,741,1542,2741195,16,185,20,1,27593,1,90,1,1949629,1,444477,1,105914,1,208722,1,4749,1,32322,1,5551,4,30,4,65215,4,982,4,1894,8,0,0,1333,132,30,1,76608,1,862,1,2294,1,17824,2,4368,1,413317,1,18075,1,3276,1,0,0,0,0,0,0,0,0,0,1,0,1,9559,1,4518,1,17050,1,9559,1,48,1,0,0,0,0,0,0,0,1,5041,1,4518,1
412,2786800,4518,9559,28.990187,0,0,11,0,0,33662,681,1630,2753138,16,185,20,1,27483,1,50,1,1954719,1,449537,1,104662,1,211929,1,4739,1,37753,1,5581,4,30,4,64975,4,982,4,1894,8,0,0,1246,132,30,1,75205,1,862,1,2284,1,17353,2,4298,1,419308,1,18135,1,3316,1,0,0,0,0,0,0,0,0,0,1,0,1,9559,1,4518,1,17050,1,9559,1,48,1,0,0,0,0,0,0,0,1,5041,1,4518,1
413,2754600,4518,9559,28.990187,0,0,11,0,0,31409,741,1610,2723191,16,185,10,1,25429,1,40,1,1950110,1,428847,1,105473,1,208542,1,4739,1,32042,1,5631,4,40,4,65005,4,982,4,1854,8,0,0,1225,132,20,1,76668,1,862,1,2525,1,17844,2,4328,1,398538,1,18145,1,3326,1,0,0,0,0,0,0,0,0,0,1,0,1,9559,1,4518,1,17050,1,9559,1,48,1,0,0,0,0,0,0,0,1,5041,1,4518,1
414,2768800,4518,9559,28.990187,0,0,11,0,0,32875,692,1679,2735925,16,185,20,1,26561,1,60,1,1950150,1,441642,1,106065,1,206729,1,4699,1,32022,1,5601,4,40,4,65185,4,1002,4,1894,8,0,0,1217,132,20,1,74514,1,872,1,2525,1,17965,2,4398,1,399069,1,29377,1,3296,1,0,0,0,0,0,0,0,0,0,1,0,1,9559,1,4518,1,17050,1,9559,1,48,1,0,0,0,0,0,0,0,1,5041,1,4518,1
415,2777200,4518,9559,28.990187,0,0,11,0,0,34331,752,1659,2742869,16,185,20,1,25880,1,20,1,1949118,1,445990,1,107628,1,209414,1,4799,1,32643,1,5641,4,30,4,64985,4,1051,4,1824,8,0,0,1216,132,20,1,77109,1,852,1,2535,1,17564,2,4409,1,405462,1,26531,1,3266,1,0,0,0,0,0,0,0,0,0,1,0,1,9559,1,4518,1,17050,1,9559,1,48,1,0,0,0,0,0,0,0,1,5041,1,4518,1
416,2798800,4518,9559,28.990187,0,0,11,0,0,30532,831,1682,2768268,16,185,40,1,26170,1,50,1,1949549,1,468413,1,109201,1,210085,1,4759,1,33875,1,5751,4,40,4,65707,4,992,4,1964,8,0,0,1274,132,20,1,75275,1,862,1,2545,1,17895,2,4328,1,435820,1,20159,1,3306,1,0,0,0,0,0,0,0,0,0,1,0,1,9559,1,4518,1,17050,1,9559,1,48,1,0,0,0,0,0,0,0,1,5041,1,4518,1
417,2969400,4518,9559,28.990187,0,0,11,0,0,34882,981,6800,2934518,16,185,180,1,33595,1,60,1,2109337,1,457192,1,112757,1,216658,1,4739,1,32763,1,5761,4,70,4,64484,4,1683,4,6984,8,0,0,1867,132,40,1,77640,1,872,1,2284,1,18456,2,4639,1,419749,1,21441,1,5230,1,0,0,0,0,0,0,0,0,0,1,0,1,9559,1,4518,1,17050,1,9559,1,48,1,0,0,0,0,0,0,0,1,5041,1,4518,1
418,2901400,4518,9559,28.990187,0,0,11,0,0,30454,731,1689,2870946,16,185,50,1,33254,1,50,1,2080481,1,438205,1,105533,1,208672,1,4699,1,33885,1,5661,4,40,4,64735,4,992,4,2225,8,0,0,1528,132,20,1,74504,1,862,1,2605,1,17925,2,4489,1,397747,1,28224,1,3246,1,0,0,0,0,0,0,0,0,0,1,0,1,9559,1,4518,1,17050,1,9559,1,48,1,0,0,0,0,0,0,0,1,5041,1,4518,1
419,2769400,4518,9559,28.990187,0,0,11,0,0,30068,871,1534,2739332,16,185,50,1,27563,1,60,1,1947655,1,442092,1,107577,1,209574,1,4759,1,32853,1,5651,4,30,4,65095,4,982,4,1874,8,0,0,1322,132,10,1,76618,1,862,1,2495,1,17784,2,4449,1,410431,1,18305,1,3306,1,0,0,0,0,0,0,0,0,0,1,0,1,9559,1,4518,1,17050,1,9559,1,48,1,0,0,0,0,0,0,0,1,5041,1,4518,1
420,2755800,4518,9559,28.990187,0,0,11,0,0,29664,721,1551,2726136,16,185,30,1,26842,1,110,1,1952555,1,429398,1,105453,1,206979,1,4769,1,32372,1,5591,4,40,4,65206,4,1062,4,1804,8,0,0,1315,132,20,1,74834,1,862,1,2565,1,17534,2,4368,1,398689,1,18626,1,3296,1,0,0,0,0,0,0,0,0,0,1,0,1,9559,1,4518,1,17050,1,9559,1,48,1,0,0,0,0,0,0,0,1,5041,1,4518,1
421,2785900,4518,9559,28.990187,0,0,11,0,0,30928,661,1481,2754972,16,185,30,1,27233,1,60,1,1958256,1,449517,1,105764,1,209364,1,4749,1,32282,1,5661,4,40,4,65185,4,972,4,1824,8,0,0,1314,132,30,1,77299,1,862,1,2585,1,17654,2,4308,1,410532,1,25319,1,3256,1,0,0,0,0,0,0,0,0,0,1,0,1,9559,1,4518,1,17050,1,9559,1,48,1,0,0,0,0,0,0,0,1,5041,1,4518,1
422,2760400,4518,9559,28.990187,0,0,11,0,0,29524,792,1610,2730876,16,185,10,1,27002,1,50,1,1949619,1,437393,1,105604,1,206448,1,4749,1,32342,1,5591,4,30,4,65005,4,982,4,1873,8,0,0,1245,132,10,1,74694,1,862,1,2515,1,17373,2,4378,1,405913,1,18365,1,3316,1,0,0,0,0,0,0,0,0,0,1,0,1,9559,1,4518,1,17050,1,9559,1,48,1,0,0,0,0,0,0,0,1,5041,1,4518,1
423,2766100,4518,9559,28.990187,0,0,11,0,0,29814,670,1553,2736286,16,185,10,1,27613,1,40,1,1954879,1,436211,1,104952,1,207821,1,4759,1,31902,1,5611,4,30,4,64955,4,992,4,1864,8,0,0,1303,132,20,1,76568,1,872,1,2555,1,17384,2,4398,1,405893,1,18305,1,3306,1,0,0,0,0,0,0,0,0,0,1,0,1,9559,1,4518,1,17050,1,9559,1,48,1,0,0,0,0,0,0,0,1,5041,1,4518,1
424,2772000,4518,9559,28.990187,0,0,11,0,0,32919,712,1659,2739081,16,185,30,1,27633,1,60,1,1949088,1,446361,1,104491,1,206679,1,4739,1,32252,1,5631,4,40,4,65055,4,992,4,1894,8,0,0,1226,132,20,1,74784,1,872,1,2505,1,17644,2,4278,1,405672,1,27683,1,3266,1,0,0,0,0,0,0,0,0,0,1,0,1,9559,1,4518,1,17050,1,9559,1,48,1,0,0,0,0,0,0,0,1,5041,1,4518,1
425,2780700,4518,9559,28.990187,0,0,11,0,0,31870,711,1611,2748830,16,185,30,1,25669,1,40,1,1950471,1,444257,1,109822,1,213792,1,4749,1,37733,1,5621,4,30,4,65146,4,992,4,1874,8,0,0,1255,132,30,1,76057,1,862,1,2505,1,17864,2,4368,1,412596,1,18576,1,3256,1,0,0,0,0,0,0,0,0,0,1,0,1,9559,1,4518,1,17050,1,9559,1,48,1,0,0,0,0,0,0,0,1,5041,1,4518,1
426,2802000,4518,9559,28.990187,0,0,11,0,0,32480,1313,1800,2769520,16,185,40,1,27132,1,40,1,1954358,1,441361,1,105103,1,236726,1,4759,1,47221,1,7133,4,40,4,72319,4,1363,4,2815,8,0,0,2379,132,180,1,75005,1,872,1,2515,1,21622,2,4328,1,409810,1,18395,1,3326,1,0,0,0,0,0,0,0,0,0,1,0,1,9559,1,4518,1,17050,1,9559,1,48,1,0,0,0,0,0,0,0,1,5041,1,4518,1
427,2776400,4518,9559,28.990187,0,0,11,0,0,31838,751,1758,2744562,16,185,20,1,27483,1,40,1,1949519,1,447052,1,106375,1,209324,1,4749,1,32954,1,5601,4,40,4,65025,4,1032,4,1894,8,0,0,1168,132,30,1,76367,1,862,1,2365,1,17854,2,4549,1,410271,1,22273,1,3256,1,0,0,0,0,0,0,0,0,0,1,0,1,9559,1,4518,1,17050,1,9559,1,48,1,0,0,0,0,0,0,0,1,5041,1,4518,1
428,2766000,4518,9559,28.990187,0,0,11,0,0,29995,881,1603,2736005,16,185,10,1,27573,1,60,1,1955080,1,434227,1,106215,1,208081,1,4759,1,33154,1,5601,4,40,4,65045,4,992,4,1914,8,0,0,1303,132,10,1,74824,1,872,1,2254,1,17905,2,4589,1,396254,1,23896,1,3266,1,0,0,0,0,0,0,0,0,0,1,0,1,9559,1,4518,1,17050,1,9559,1,48,1,0,0,0,0,0,0,0,1,5041,1,4518,1
429,2783000,4518,9559,28.990187,0,0,11,0,0,40332,671,1630,2742668,16,185,30,1,27523,1,120,1,1949539,1,445780,1,106485,1,208472,1,4719,1,32753,1,5551,4,30,4,65116,4,952,4,1894,8,0,0,1216,132,30,1,76067,1,872,1,2274,1,17814,2,4449,1,403879,1,28004,1,3306,1,0,0,0,0,0,0,0,0,0,1,0,1,9559,1,4518,1,17050,1,9559,1,48,1,0,0,0,0,0,0,0,1,5041,1,4518,1
430,2918200,4518,9559,28.990187,0,0,11,0,0,38468,1343,2093,2879732,16,185,140,1,35999,1,70,1,2067617,1,436531,1,112968,1,221617,1,4789,1,32523,1,6282,4,70,4,75065,4,1262,4,2294,8,0,0,1464,132,50,1,76007,1,862,1,2355,1,18987,2,4519,1,405642,1,16612,1,3236,1,0,0,0,0,0,0,0,0,0,1,0,1,9559,1,4518,1,17050,1,9559,1,48,1,0,0,0,0,0,0,0,1,5041,1,4518,1
431,2926100,4518,9559,28.990187,0,0,11,0,0,30206,771,1629,2895894,16,185,30,1,33274,1,50,1,2090421,1,453635,1,105694,1,208091,1,4699,1,31962,1,5531,4,30,4,64595,4,942,4,1914,8,0,0,1227,132,30,1,76017,1,862,1,2284,1,18846,2,4308,1,412405,1,27673,1,3266,1,0,0,0,0,0,0,0,0,0,1,0,1,9559,1,4518,1,17050,1,9559,1,48,1,0,0,0,0,0,0,0,1,5041,1,4518,1
432,2758400,4518,9559,28.990187,0,0,11,0,0,31823,751,1551,2726577,16,185,20,1,27192,1,60,1,1944860,1,438826,1,105453,1,205436,1,4729,1,32212,1,5581,4,40,4,64625,4,942,4,1884,8,0,0,1274,132,30,1,74333,1,872,1,2264,1,17504,2,4398,1,409620,1,17073,1,3246,1,0,0,0,0,0,0,0,0,0,1,0,1,9559,1,4518,1,17050,1,9559,1,48,1,0,0,0,0,0,0,0,1,5041,1,4518,1
433,2779800,4518,9559,28.990187,0,0,11,0,0,30379,771,1680,2749421,16,185,20,1,26772,1,30,1,1959368,1,442563,1,105754,1,210115,1,4799,1,32683,1,5631,4,30,4,65146,4,1012,4,1874,8,0,0,1206,132,10,1,77169,1,872,1,2304,1,18085,2,4529,1,401053,1,28234,1,3306,1,0,0,0,0,0,0,0,0,0,1,0,1,9559,1,4518,1,17050,1,9559,1,48,1,0,0,0,0,0,0,0,1,5041,1,4518,1
434,2779300,4518,9559,28.990187,0,0,11,0,0,33395,712,1679,2745905,16,185,30,1,27383,1,60,1,1949880,1,449887,1,107407,1,206518,1,4739,1,32473,1,5591,4,40,4,65015,4,982,4,1894,8,0,0,1197,132,20,1,74363,1,862,1,2264,1,17984,2,4318,1,417565,1,18967,1,3296,1,0,0,0,0,0,0,0,0,0,1,0,1,9559,1,4518,1,17050,1,9559,1,48,1,0,0,0,0,0,0,0,1,5041,1,4518,1
435,2754600,4518,9559,28.990187,0,0,11,0,0,31930,732,1602,2722670,16,185,40,1,24748,1,50,1,1948667,1,430841,1,105103,1,208532,1,4689,1,32342,1,5580,4,40,4,65055,4,992,4,1933,8,0,0,1323,132,20,1,76427,1,862,1,2234,1,17925,2,4388,1,394691,1,24287,1,3306,1,0,0,0,0,0,0,0,0,0,1,0,1,9559,1,4518,1,17050,1,9559,1,48,1,0,0,0,0,0,0,0,1,5041,1,4518,1
436,2753000,4518,9559,28.990187,0,0,11,0,0,29589,672,1630,2723411,16,185,20,1,27072,1,60,1,1954659,1,424458,1,106195,1,206308,1,4639,1,32332,1,5561,4,40,4,65126,4,1052,4,1843,8,0,0,1265,132,20,1,74243,1,862,1,2244,1,17925,2,4388,1,381275,1,29838,1,3276,1,0,0,0,0,0,0,0,0,0,1,0,1,9559,1,4518,1,17050,1,9559,1,48,1,0,0,0,0,0,0,0,1,5041,1,4518,1
437,2774800,4518,9559,28.990187,0,0,11,0,0,30949,721,1610,2743851,16,185,20,1,27503,1,50,1,1949279,1,448385,1,105844,1,208061,1,4709,1,32282,1,5580,4,30,4,65146,4,1012,4,1864,8,0,0,1265,132,30,1,76167,1,862,1,2254,1,17754,2,4358,1,406223,1,28796,1,3296,1,0,0,0,0,0,0,0,0,0,1,0,1,9559,1,4518,1,17050,1,9559,1,48,1,0,0,0,0,0,0,0,1,5041,1,4518,1
438,2767100,4518,9559,28.990187,0,0,11,0,0,30614,692,1619,2736486,16,185,20,1,27343,1,40,1,1956192,1,430340,1,111154,1,206658,1,4739,1,32803,1,5591,4,40,4,65216,4,982,4,1854,8,0,0,1216,132,20,1,74544,1,872,1,2254,1,17454,2,4338,1,398749,1,18175,1,3266,1,0,0,0,0,0,0,0,0,0,1,0,1,9559,1,4518,1,17050,1,9559,1,48,1,0,0,0,0,0,0,0,1,5041,1,4518,1
439,2764100,4518,9559,28.990187,0,0,11,0,0,30169,752,1776,2733931,16,185,40,1,27323,1,40,1,1949008,1,438365,1,105854,1,208512,1,4789,1,32483,1,5591,4,40,4,64955,4,1032,4,1874,8,0,0,1129,132,10,1,76287,1,862,1,2254,1,18005,2,4368,1,398138,1,28305,1,3266,1,0,0,0,0,0,0,0,0,0,1,0,1,9559,1,4518,1,17050,1,9559,1,48,1,0,0,0,0,0,0,0,1,5041,1,4518,1
440,2765700,4518,9559,28.990187,0,0,11,0,0,30606,782,1640,2735094,16,185,120,1,27383,1,100,1,1955701,1,435510,1,104712,1,206849,1,4719,1,32182,1,5621,4,40,4,65095,4,1022,4,1874,8,0,0,1255,132,20,1,74564,1,872,1,2505,1,17874,2,4398,1,394611,1,19969,1,3797,1,0,0,0,0,0,0,0,0,0,1,0,1,9559,1,4518,1,17050,1,9559,1,48,1,0,0,0,0,0,0,0,1,5041,1,4518,1
441,2769000,4518,9559,28.990187,0,0,11,0,0,30049,711,1708,2738951,16,185,30,1,27733,1,60,1,1954949,1,436993,1,105163,1,209284,1,4739,1,32743,1,5621,4,40,4,65225,4,972,4,1904,8,0,0,1168,132,20,1,76207,1,862,1,2595,1,18005,2,4378,1,407145,1,17895,1,3266,1,0,0,0,0,0,0,0,0,0,1,0,1,9559,1,4518,1,17050,1,9559,1,48,1,0,0,0,0,0,0,0,1,5041,1,4518,1
442,2767400,4518,9559,28.990187,0,0,11,0,0,32086,721,1630,2735314,16,185,20,1,27212,1,110,1,1949258,1,442283,1,104972,1,206729,1,4729,1,32603,1,5541,4,30,4,64985,4,1012,4,1884,8,0,0,1265,132,20,1,74504,1,862,1,2535,1,17574,2,4459,1,400773,1,28485,1,3276,1,0,0,0,0,0,0,0,0,0,1,0,1,9559,1,4518,1,17050,1,9559,1,48,1,0,0,0,0,0,0,0,1,5041,1,4518,1
443,2916800,4518,9559,28.990187,0,0,11,0,0,41921,1102,1964,2874879,16,185,150,1,29717,1,70,1,1973796,1,446877,1,154538,1,263829,1,5901,1,40568,1,8156,4,70,4,81397,4,1333,4,2304,8,0,0,1673,132,30,1,97057,1,1082,1,2926,1,20099,2,7705,1,403884,1,25419,1,4058,1,0,0,0,0,0,0,0,0,0,1,0,1,9559,1,4518,1,17050,1,9559,1,48,1,0,0,0,0,0,0,0,1,5041,1,4518,1
444,2805500,4518,9559,28.990187,0,0,11,0,0,33044,892,1613,2772456,16,185,120,1,25239,1,50,1,1970830,1,458234,1,105834,1,207440,1,4709,1,32583,1,5641,4,50,4,64835,4,992,4,1884,8,0,0,1263,132,20,1,75115,1,862,1,2254,1,17884,2,4429,1,416253,1,27713,1,3226,1,0,0,0,0,0,0,0,0,0,1,0,1,9559,1,4518,1,17050,1,9559,1,48,1,0,0,0,0,0,0,0,1,5041,1,4518,1
445,2759000,4518,9559,28.990187,0,0,11,0,0,30920,711,1621,2728080,16,185,20,1,24938,1,90,1,1944920,1,437484,1,106646,1,209213,1,4769,1,32853,1,5611,4,50,4,65015,4,1032,4,1894,8,0,0,1305,132,40,1,76708,1,872,1,2214,1,17754,2,4459,1,394952,1,29467,1,3326,1,0,0,0,0,0,0,0,0,0,1,0,1,9559,1,4518,1,17050,1,9559,1,48,1,0,0,0,0,0,0,0,1,5041,1,4518,1
446,2763500,4518,9559,28.990187,0,0,11,0,0,32614,771,1600,2730886,16,185,40,1,24918,1,60,1,1945972,1,441712,1,106105,1,207330,1,4749,1,32663,1,5591,4,50,4,65055,4,982,4,1824,8,0,0,1206,132,20,1,75095,1,862,1,2244,1,17654,2,4519,1,399981,1,28946,1,3266,1,0,0,0,0,0,0,0,0,0,1,0,1,9559,1,4518,1,17050,1,9559,1,48,1,0,0,0,0,0,0,0,1,5041,1,4518,1
447,2919400,4518,9559,28.990187,0,0,11,0,0,31301,832,1657,2888099,16,185,210,1,34837,1,60,1,2064150,1,464255,1,111625,1,208242,1,4719,1,31851,1,5461,4,50,4,64224,4,1092,4,1803,8,0,0,1238,132,30,1,76838,1,882,1,2264,1,18496,2,4419,1,421513,1,28675,1,3246,1,0,0,0,0,0,0,0,0,0,1,0,1,9559,1,4518,1,17050,1,9559,1,48,1,0,0,0,0,0,0,0,1,5041,1,4518,1
448,2903700,4518,9559,28.990187,0,0,11,0,0,33746,832,1590,2869954,16,185,50,1,33034,1,60,1,2078908,1,439888,1,106475,1,206859,1,4679,1,32312,1,5591,4,30,4,64745,4,1022,4,1863,8,0,0,1295,132,20,1,74203,1,862,1,2234,1,18786,2,4358,1,402195,1,24257,1,3256,1,0,0,0,0,0,0,0,0,0,1,0,1,9559,1,4518,1,17050,1,9559,1,48,1,0,0,0,0,0,0,0,1,5041,1,4518,1
449,2752900,4518,9559,28.990187,0,0,11,0,0,32244,721,1631,2720656,16,185,20,1,26170,1,30,1,1955781,1,418307,1,106686,1,208903,1,4759,1,32473,1,5551,4,30,4,65176,4,972,4,1904,8,0,0,1245,132,10,1,77008,1,862,1,2244,1,17534,2,4419,1,383690,1,21331,1,3266,1,0,0,0,0,0,0,0,0,0,1,0,1,9559,1,4518,1,17050,1,9559,1,48,1,0,0,0,0,0,0,0,1,5041,1,4518,1
450,2761200,4518,9559,28.990187,0,0,11,0,0,28942,771,1562,2732258,16,185,20,1,26712,1,30,1,1949629,1,440499,1,104321,1,206278,1,4769,1,32412,1,5601,4,30,4,64975,4,1002,4,1864,8,0,0,1303,132,20,1,74193,1,862,1,2244,1,17864,2,4439,1,398729,1,28495,1,3306,1,0,0,0,0,0,0,0,0,0,1,0,1,9559,1,4518,1,17050,1,9559,1,48,1,0,0,0,0,0,0,0,1,5041,1,4518,1
451,2758900,4518,9559,28.990187,0,0,11,0,0,29107,682,1610,2729793,16,185,30,1,27002,1,40,1,1949619,1,435139,1,104802,1,208422,1,4739,1,32052,1,5641,4,40,4,65055,4,1032,4,1844,8,0,0,1266,132,10,1,76568,1,862,1,2335,1,17804,2,4499,1,392557,1,28635,1,4308,1,0,0,0,0,0,0,0,0,0,1,0,1,9559,1,4518,1,17050,1,9559,1,48,1,0,0,0,0,0,0,0,1,5041,1,4518,1
452,2764100,4518,9559,28.990187,0,0,11,0,0,29878,791,1601,2734222,16,185,20,1,27703,1,60,1,1949579,1,440008,1,105103,1,206969,1,4779,1,32252,1,5621,4,40,4,65085,4,972,4,1874,8,0,0,1245,132,10,1,74293,1,862,1,2284,1,18446,2,4439,1,408417,1,18596,1,3296,1,0,0,0,0,0,0,0,0,0,1,0,1,9559,1,4518,1,17050,1,9559,1,48,1,0,0,0,0,0,0,0,1,5041,1,4518,1
453,2773800,4518,9559,28.990187,0,0,11,0,0,32995,702,1761,2740805,16,185,40,1,27573,1,100,1,1954479,1,440569,1,104562,1,208753,1,4729,1,32172,1,5651,4,40,4,65096,4,1002,4,2024,8,0,0,1265,132,20,1,76387,1,862,1,2284,1,18095,2,4419,1,399510,1,28986,1,3296,1,0,0,0,0,0,0,0,0,0,1,0,1,9559,1,4518,1,17050,1,9559,1,48,1,0,0,0,0,0,0,0,1,5041,1,4518,1
454,2765300,4518,9559,28.990187,0,0,11,0,0,29806,842,1600,2735494,16,185,30,1,25920,1,90,1,1954779,1,437323,1,105734,1,206879,1,4739,1,32423,1,5541,4,40,4,65226,4,1002,4,1844,8,0,0,1245,132,10,1,74634,1,862,1,2274,1,17824,2,4358,1,406444,1,18916,1,3276,1,0,0,0,0,0,0,0,0,0,1,0,1,9559,1,4518,1,17050,1,9559,1,48,1,0,0,0,0,0,0,0,1,5041,1,4518,1
455,2807200,4518,9559,28.990187,0,0,11,0,0,33582,731,1609,2773618,16,185,60,1,27573,1,120,1,1954809,1,467211,1,105183,1,213902,1,4759,1,38033,1,5611,4,40,4,65075,4,942,4,1884,8,0,0,1217,132,20,1,76317,1,862,1,2254,1,17794,2,4338,1,427094,1,16732,1,3497,1,0,0,0,0,0,0,0,0,0,1,0,1,9559,1,4518,1,17050,1,9559,1,48,1,0,0,0,0,0,0,0,1,5041,1,4518,1
456,2769800,4518,9559,28.990187,0,0,11,0,0,30488,762,1591,2739312,16,185,20,1,25900,1,50,1,1950130,1,446250,1,105303,1,206859,1,4799,1,32813,1,5541,4,50,4,65065,4,962,4,1903,8,0,0,1274,132,30,1,74323,1,872,1,2234,1,17915,2,4388,1,406844,1,21912,1,3417,1,0,0,0,0,0,0,0,0,0,1,0,1,9559,1,4518,1,17050,1,9559,1,48,1,0,0,0,0,0,0,0,1,5041,1,4518,1
457,2758700,4518,9559,28.990187,0,0,11,0,0,33004,802,1727,2725696,16,185,30,1,27573,1,60,1,1949549,1,429789,1,105373,1,208582,1,4739,1,32412,1,5601,4,40,4,65145,4,982,4,1894,8,0,0,1148,132,20,1,76397,1,862,1,2234,1,17854,2,4338,1,387287,1,29216,1,3276,1,0,0,0,0,0,0,0,0,0,1,0,1,9559,1,4518,1,17050,1,9559,1,48,1,0,0,0,0,0,0,0,1,5041,1,4518,1
458,2750100,4518,9559,28.990187,0,0,11,0,0,29414,721,1609,2720686,16,185,20,1,26501,1,40,1,1948737,1,427795,1,106455,1,206368,1,4769,1,32132,1,5561,4,30,4,65196,4,962,4,1874,8,0,0,1227,132,20,1,74594,1,862,1,2234,1,17744,2,4439,1,395753,1,18916,1,3326,1,0,0,0,0,0,0,0,0,0,1,0,1,9559,1,4518,1,17050,1,9559,1,48,1,0,0,0,0,0,0,0,1,5041,1,4518,1
459,2764800,4518,9559,28.990187,0,0,11,0,0,28634,812,1573,2736166,16,185,20,1,27062,1,100,1,1948337,1,440680,1,105183,1,210045,1,4739,1,33455,1,5621,4,60,4,65095,4,992,4,1904,8,0,0,1323,132,20,1,76728,1,872,1,2254,1,17874,2,4358,1,410972,1,17704,1,3286,1,0,0,0,0,0,0,0,0,0,1,0,1,9559,1,4518,1,17050,1,9559,1,48,1,0,0,0,0,0,0,0,1,5041,1,4518,1
460,2981800,4518,9559,28.990187,0,0,11,0,0,35249,961,7400,2946551,16,185,160,1,36851,1,50,1,2090421,1,486378,1,112136,1,215826,1,4729,1,32793,1,5771,4,41,4,65236,4,1042,4,7745,8,0,0,1387,132,20,1,75936,1,872,1,2916,1,18005,2,4489,1,451992,1,19437,1,3216,1,0,0,0,0,0,0,0,0,0,1,0,1,9559,1,4518,1,17050,1,9559,1,48,1,0,0,0,0,0,0,0,1,5041,1,4518,1
461,2758900,4518,9559,28.990187,0,0,11,0,0,28996,781,1590,2729904,16,185,40,1,27844,1,40,1,1948146,1,434698,1,105554,1,208823,1,4759,1,32252,1,5571,4,30,4,64645,4,982,4,1864,8,0,0,1256,132,30,1,76217,1,852,1,2244,1,18977,2,4378,1,388970,1,32553,1,3266,1,0,0,0,0,0,0,0,0,0,1,0,1,9559,1,4518,1,17050,1,9559,1,48,1,0,0,0,0,0,0,0,1,5041,1,4518,1
462,2747500,4518,9559,28.990187,0,0,11,0,0,32174,751,1610,2715326,16,185,50,1,27052,1,80,1,1943748,1,427204,1,106295,1,206137,1,4759,1,31771,1,5641,4,40,4,64985,4,992,4,1894,8,0,0,1276,132,30,1,74383,1,872,1,2244,1,18115,2,4419,1,395783,1,18005,1,3256,1,0,0,0,0,0,0,0,0,0,1,0,1,9559,1,4518,1,17050,1,9559,1,48,1,0,0,0,0,0,0,0,1,5041,1,4518,1
463,2785200,4518,9559,28.990187,0,0,11,0,0,32653,801,1580,2752547,16,185,10,1,26391,1,60,1,1949068,1,457502,1,106075,1,208672,1,4769,1,32443,1,5581,4,40,4,65156,4,962,4,1844,8,0,0,1225,132,20,1,76618,1,862,1,2224,1,17794,2,4328,1,416754,1,19458,1,3938,1,0,0,0,0,0,0,0,0,0,1,0,1,9559,1,4518,1,17050,1,9559,1,48,1,0,0,0,0,0,0,0,1,5041,1,4518,1
464,2761000,4518,9559,28.990187,0,0,11,0,0,30645,731,1708,2730355,16,185,40,1,26301,1,50,1,1949078,1,438205,1,105413,1,206508,1,4759,1,32483,1,5561,4,40,4,65005,4,1012,4,1874,8,0,0,1177,132,20,1,74393,1,872,1,2244,1,17874,2,4398,1,407185,1,19127,1,3266,1,0,0,0,0,0,0,0,0,0,1,0,1,9559,1,4518,1,17050,1,9559,1,48,1,0,0,0,0,0,0,0,1,5041,1,4518,1
465,2764700,4518,9559,28.990187,0,0,11,0,0,32372,751,1650,2732328,16,185,10,1,27473,1,100,1,1951743,1,434257,1,104872,1,209103,1,4769,1,32934,1,5541,4,40,4,65025,4,992,4,1894,8,0,0,1235,132,30,1,76528,1,862,1,2264,1,17925,2,4318,1,395142,1,26892,1,3276,1,0,0,0,0,0,0,0,0,0,1,0,1,9559,1,4518,1,17050,1,9559,1,48,1,0,0,0,0,0,0,0,1,5041,1,4518,1
466,2779300,4518,9559,28.990187,0,0,11,0,0,32584,712,1648,2746716,16,185,20,1,27172,1,40,1,1979888,1,419258,1,107197,1,208352,1,4789,1,33324,1,5621,4,40,4,65166,4,1032,4,1844,8,0,0,1228,132,20,1,75115,1,862,1,2545,1,17564,2,4509,1,378049,1,25950,1,4318,1,0,0,0,0,0,0,0,0,0,1,0,1,9559,1,4518,1,17050,1,9559,1,48,1,0,0,0,0,0,0,0,1,5041,1,4518,1
467,2777300,4518,9559,28.990187,0,0,11,0,0,30043,721,1552,2747257,16,185,40,1,27162,1,50,1,1949479,1,450990,1,105874,1,208903,1,4759,1,32463,1,5591,4,30,4,65096,4,1002,4,1924,8,0,0,1373,132,10,1,76948,1,872,1,2264,1,17514,2,4469,1,417355,1,18886,1,3256,1,0,0,0,0,0,0,0,0,0,1,0,1,9559,1,4518,1,17050,1,9559,1,48,1,0,0,0,0,0,0,0,1,5041,1,4518,1
468,2792900,4518,9559,28.990187,0,0,11,0,0,30454,802,1590,2762446,16,185,40,1,27543,1,110,1,1954799,1,457572,1,110964,1,206679,1,4739,1,32603,1,5621,4,30,4,64975,4,982,4,1974,8,0,0,1365,132,10,1,74514,1,862,1,2234,1,17704,2,4368,1,425621,1,18135,1,3256,1,0,0,0,0,0,0,0,0,0,1,0,1,9559,1,4518,1,17050,1,9559,1,48,1,0,0,0,0,0,0,0,1,5041,1,4518,1
469,2771100,4518,9559,28.990187,0,0,11,0,0,30676,831,1609,2740424,16,185,10,1,27713,1,40,1,1949198,1,444878,1,105153,1,208662,1,4769,1,32302,1,5611,4,30,4,65045,4,972,4,1834,8,0,0,1197,132,30,1,76658,1,862,1,2244,1,17864,2,4378,1,413177,1,18225,1,3276,1,0,0,0,0,0,0,0,0,0,1,0,1,9559,1,4518,1,17050,1,9559,1,48,1,0,0,0,0,0,0,0,1,5041,1,4518,1
470,2764200,4518,9559,28.990187,0,0,11,0,0,31160,711,1589,2733040,16,185,50,1,27293,1,50,1,1949118,1,438906,1,105964,1,206909,1,4749,1,32473,1,5571,4,40,4,65216,4,942,4,1884,8,0,0,1236,132,20,1,74624,1,872,1,2314,1,17834,2,4409,1,407075,1,18626,1,3286,1,0,0,0,0,0,0,0,0,0,1,0,1,9559,1,4518,1,17050,1,9559,1,48,1,0,0,0,0,0,0,0,1,5041,1,4518,1
471,2772800,4518,9559,28.990187,0,0,11,0,0,29781,782,1571,2743019,16,185,20,1,27623,1,60,1,1949549,1,436602,1,104992,1,219433,1,4739,1,32944,1,5731,4,40,4,73231,4,962,4,1874,8,0,0,1264,132,10,1,76437,1,862,1,2335,1,19888,2,4338,1,396434,1,27954,1,3296,1,0,0,0,0,0,0,0,0,0,1,0,1,9559,1,4518,1,17050,1,9559,1,48,1,0,0,0,0,0,0,0,1,5041,1,4518,1
472,2762200,4518,9559,28.990187,0,0,11,0,0,30653,792,1562,2731547,16,185,100,1,27112,1,50,1,1955180,1,432694,1,104922,1,206699,1,4789,1,32252,1,5581,4,40,4,65126,4,952,4,1904,8,0,0,1294,132,30,1,74654,1,862,1,2405,1,17804,2,4298,1,391365,1,28214,1,3316,1,0,0,0,0,0,0,0,0,0,1,0,1,9559,1,4518,1,17050,1,9559,1,48,1,0,0,0,0,0,0,0,1,5041,1,4518,1
473,2833100,4518,9559,28.990187,0,0,11,0,0,31658,942,1572,2801442,16,185,140,1,37863,1,80,1,1984116,1,451390,1,111675,1,211388,1,4789,1,32322,1,5481,4,50,4,64765,4,1042,4,1824,8,0,0,1294,132,30,1,77720,1,862,1,2916,1,18987,2,4449,1,418166,1,18706,1,3226,1,0,0,0,0,0,0,0,0,0,1,0,1,9559,1,4518,1,17050,1,9559,1,48,1,0,0,0,0,0,0,0,1,5041,1,4518,1
474,2834300,4518,9559,28.990187,0,0,11,0,0,29803,761,1603,2804497,16,185,50,1,33174,1,90,1,2016378,1,437764,1,106075,1,206258,1,4709,1,32112,1,5551,4,40,4,64765,4,1042,4,1864,8,0,0,1303,132,30,1,74193,1,862,1,2244,1,18466,2,4328,1,396414,1,28144,1,3286,1,0,0,0,0,0,0,0,0,0,1,0,1,9559,1,4518,1,17050,1,9559,1,48,1,0,0,0,0,0,0,0,1,5041,1,4518,1
475,2756100,4518,9559,28.990187,0,0,11,0,0,33951,711,1572,2722149,16,185,60,1,27794,1,50,1,1944159,1,431161,1,105033,1,209113,1,4779,1,32693,1,5671,4,40,4,64965,4,992,4,1854,8,0,0,1274,132,20,1,76487,1,872,1,2294,1,18135,2,4378,1,390603,1,28625,1,3246,1,0,0,0,0,0,0,0,0,0,1,0,1,9559,1,4518,1,17050,1,9559,1,48,1,0,0,0,0,0,0,0,1,5041,1,4518,1
476,2765300,4518,9559,28.990187,0,0,11,0,0,32150,682,1562,2733150,16,185,20,1,26211,1,120,1,1955490,1,433877,1,106375,1,206318,1,4739,1,32092,1,5681,4,40,4,65246,4,942,4,1884,8,0,0,1264,132,20,1,74514,1,872,1,2284,1,17744,2,4318,1,401705,1,19027,1,3306,1,0,0,0,0,0,0,0,0,0,1,0,1,9559,1,4518,1,17050,1,9559,1,48,1,0,0,0,0,0,0,0,1,5041,1,4518,1
477,2768000,4518,9559,28.990187,0,0,11,0,0,32405,692,1643,2735595,16,185,20,1,27363,1,60,1,1952885,1,435981,1,105554,1,209013,1,4719,1,32142,1,5611,4,40,4,65005,4,1052,4,1903,8,0,0,1313,132,20,1,77229,1,872,1,2274,1,17834,2,4338,1,396104,1,26762,1,3256,1,0,0,0,0,0,0,0,0,0,1,0,1,9559,1,4518,1,17050,1,9559,1,48,1,0,0,0,0,0,0,0,1,5041,1,4518,1
478,2765700,4518,9559,28.990187,0,0,11,0,0,31648,811,1483,2734052,16,185,20,1,26942,1,20,1,1949579,1,441181,1,105303,1,206228,1,4779,1,32142,1,5571,4,30,4,64925,4,972,4,1834,8,0,0,1323,132,30,1,74904,1,862,1,2254,1,17523,2,4368,1,410331,1,17584,1,3296,1,0,0,0,0,0,0,0,0,0,1,0,1,9559,1,4518,1,17050,1,9559,1,48,1,0,0,0,0,0,0,0,1,5041,1,4518,1
479,2775900,4518,9559,28.990187,0,0,11,0,0,30506,831,1611,2745394,16,185,20,1,26271,1,30,1,1956683,1,443545,1,105293,1,208783,1,4769,1,32302,1,5581,4,30,4,65146,4,1022,4,1844,8,0,0,1255,132,30,1,76487,1,862,1,2224,1,17965,2,4459,1,411513,1,19097,1,3276,1,0,0,0,0,0,0,0,0,0,1,0,1,9559,1,4518,1,17050,1,9559,1,48,1,0,0,0,0,0,0,0,1,5041,1,4518,1
480,2752900,4518,9559,28.990187,0,0,11,0,0,33627,720,1710,2719273,16,185,20,1,27112,1,70,1,1946353,1,429167,1,105183,1,206628,1,4739,1,32262,1,5641,4,30,4,65306,4,1003,4,1894,8,0,0,1187,132,10,1,74363,1,862,1,2234,1,17934,2,4368,1,388629,1,28455,1,3316,1,0,0,0,0,0,0,0,0,0,1,0,1,9559,1,4518,1,17050,1,9559,1,48,1,0,0,0,0,0,0,0,1,5041,1,4518,1
481,2765500,4518,9559,28.990187,0,0,11,0,0,30016,802,1629,2735484,16,185,20,1,26190,1,110,1,1950200,1,435420,1,110002,1,208753,1,4789,1,32703,1,5511,4,40,4,65126,4,962,4,1864,8,0,0,1197,132,30,1,76267,1,862,1,2294,1,17895,2,4398,1,397346,1,24818,1,3316,1,0,0,0,0,0,0,0,0,0,1,0,1,9559,1,4518,1,17050,1,9559,1,48,1,0,0,0,0,0,0,0,1,5041,1,4518,1
482,2781400,4518,9559,28.990187,0,0,11,0,0,31889,721,1551,2749511,16,185,30,1,27323,1,90,1,1955871,1,449727,1,105533,1,206208,1,4729,1,32072,1,5551,4,40,4,64995,4,1022,4,1834,8,0,0,1305,132,30,1,74684,1,872,1,2264,1,17774,2,4348,1,409720,1,21421,1,4549,1,0,0,0,0,0,0,0,0,0,1,0,1,9559,1,4518,1,17050,1,9559,1,48,1,0,0,0,0,0,0,0,1,5041,1,4518,1
483,2755200,4518,9559,28.990187,0,0,11,0,0,28953,701,1601,2726247,16,185,30,1,27032,1,40,1,1954218,1,426783,1,104822,1,208532,1,4789,1,32573,1,5631,4,30,4,65206,4,1012,4,1864,8,0,0,1274,132,10,1,76307,1,862,1,2244,1,17704,2,4388,1,380794,1,32062,1,5130,1,0,0,0,0,0,0,0,0,0,1,0,1,9559,1,4518,1,17050,1,9559,1,48,1,0,0,0,0,0,0,0,1,5041,1,4518,1
484,2760500,4518,9559,28.990187,0,0,11,0,0,32159,771,1541,2728341,16,185,20,1,27343,1,60,1,1949299,1,434668,1,105503,1,206719,1,4729,1,32523,1,5631,4,30,4,65035,4,942,4,1884,8,0,0,1284,132,30,1,74273,1,862,1,2304,1,18045,2,4388,1,394952,1,26722,1,3296,1,0,0,0,0,0,0,0,0,0,1,0,1,9559,1,4518,1,17050,1,9559,1,48,1,0,0,0,0,0,0,0,1,5041,1,4518,1
485,2764500,4518,9559,28.990187,0,0,11,0,0,29807,742,1591,2734693,16,185,30,1,26251,1,130,1,1949659,1,440129,1,105313,1,208412,1,4769,1,32022,1,5601,4,40,4,65025,4,962,4,1904,8,0,0,1274,132,30,1,76878,1,862,1,2254,1,17734,2,4358,1,389391,1,37482,1,3286,1,0,0,0,0,0,0,0,0,0,1,0,1,9559,1,4518,1,17050,1,9559,1,48,1,0,0,0,0,0,0,0,1,5041,1,4518,1
486,2911000,4518,9559,28.990187,0,0,11,0,0,31488,852,1980,2879512,16,185,110,1,36781,1,160,1,2079289,1,439217,1,110263,1,209003,1,4689,1,31982,1,5531,4,50,4,64354,4,1021,4,3337,8,0,0,2378,132,40,1,74814,1,852,1,2906,1,18826,2,4439,1,407135,1,17373,1,4318,1,0,0,0,0,0,0,0,0,0,1,0,1,9559,1,4518,1,17050,1,9559,1,48,1,0,0,0,0,0,0,0,1,5041,1,4518,1
487,2984900,4518,9559,28.990187,0,0,11,0,0,33349,731,1682,2951551,16,185,50,1,33124,1,40,1,2164884,1,434227,1,105123,1,209404,1,4699,1,32412,1,5571,4,30,4,64675,4,1022,4,1954,8,0,0,1294,132,20,1,76417,1,862,1,2244,1,18967,2,4499,1,404290,1,18085,1,3236,1,0,0,0,0,0,0,0,0,0,1,0,1,9559,1,4518,1,17050,1,9559,1,48,1,0,0,0,0,0,0,0,1,5041,1,4518,1
488,2752900,4518,9559,28.990187,0,0,11,0,0,31062,651,1610,2721838,16,185,50,1,25840,1,120,1,1945531,1,432975,1,105153,1,207400,1,4769,1,32813,1,5631,4,30,4,65256,4,992,4,1894,8,0,0,1275,132,20,1,74574,1,872,1,2294,1,17934,2,4439,1,402917,1,16923,1,3286,1,0,0,0,0,0,0,0,0,0,1,0,1,9559,1,4518,1,17050,1,9559,1,48,1,0,0,0,0,0,0,0,1,5041,1,4518,1
489,2770300,4518,9559,28.990187,0,0,11,0,0,31740,710,1670,2738560,16,185,20,1,26852,1,50,1,1949429,1,443355,1,105564,1,208542,1,4749,1,32473,1,5541,4,21,4,65065,4,972,4,1954,8,0,0,1256,132,20,1,76497,1,862,1,2254,1,17734,2,4439,1,412676,1,18746,1,3316,1,0,0,0,0,0,0,0,0,0,1,0,1,9559,1,4518,1,17050,1,9559,1,48,1,0,0,0,0,0,0,0,1,5041,1,4518,1
490,2799800,4518,9559,28.990187,0,0,11,0,0,32745,1012,1540,2767055,16,185,150,1,27904,1,70,1,1975920,1,438796,1,112477,1,206999,1,4739,1,31701,1,5531,4,70,4,64394,4,1052,4,2675,8,0,0,2187,132,30,1,74203,1,862,1,2264,1,18686,2,4519,1,406484,1,18335,1,3266,1,0,0,0,0,0,0,0,0,0,1,0,1,9559,1,4518,1,17050,1,9559,1,48,1,0,0,0,0,0,0,0,1,5041,1,4518,1
491,2814700,4518,9559,28.990187,0,0,11,0,0,31393,851,1589,2783307,16,185,60,1,32132,1,70,1,2003373,1,428897,1,105584,1,208462,1,4729,1,31861,1,5601,4,30,4,64735,4,962,4,1864,8,0,0,1236,132,30,1,76407,1,862,1,2224,1,18616,2,4419,1,388820,1,28074,1,3266,1,0,0,0,0,0,0,0,0,0,1,0,1,9559,1,4518,1,17050,1,9559,1,48,1,0,0,0,0,0,0,0,1,5041,1,4518,1
492,2754100,4518,9559,28.990187,0,0,11,0,0,33544,681,1719,2720556,16,185,40,1,27112,1,60,1,1944399,1,432805,1,104822,1,206558,1,4759,1,32032,1,5641,4,30,4,65085,4,1012,4,1894,8,0,0,1187,132,20,1,74534,1,852,1,2264,1,18085,2,4429,1,392537,1,18265,1,4128,1,0,0,0,0,0,0,0,0,0,1,0,1,9559,1,4518,1,17050,1,9559,1,48,1,0,0,0,0,0,0,0,1,5041,1,4518,1
493,2770700,4518,9559,28.990187,0,0,11,0,0,29765,752,1559,2740935,16,185,40,1,26431,1,30,1,1954909,1,441131,1,105283,1,208362,1,4749,1,32142,1,5631,4,30,4,65085,4,962,4,1853,8,0,0,1255,132,20,1,76588,1,862,1,2244,1,17754,2,4439,1,398939,1,29126,1,3276,1,0,0,0,0,0,0,0,0,0,1,0,1,9559,1,4518,1,17050,1,9559,1,48,1,0,0,0,0,0,0,0,1,5041,1,4518,1
494,2775400,4518,9559,28.990187,0,0,11,0,0,30718,751,1572,2744682,16,185,20,1,27663,1,60,1,1961843,1,438035,1,105704,1,206638,1,4719,1,32342,1,5751,4,30,4,65015,4,1002,4,1854,8,0,0,1284,132,20,1,74634,1,872,1,2254,1,17494,2,4619,1,398128,1,17654,1,3346,1,0,0,0,0,0,0,0,0,0,1,0,1,9559,1,4518,1,17050,1,9559,1,48,1,0,0,0,0,0,0,0,1,5041,1,4518,1
495,2772800,4518,9559,28.990187,0,0,11,0,0,32827,742,1581,2739973,16,185,20,1,26862,1,90,1,1949779,1,444437,1,105684,1,208302,1,4799,1,32372,1,5601,4,50,4,65116,4,962,4,1874,8,0,0,1255,132,20,1,76037,1,862,1,2234,1,17925,2,4509,1,403849,1,27443,1,3276,1,0,0,0,0,0,0,0,0,0,1,0,1,9559,1,4518,1,17050,1,9559,1,48,1,0,0,0,0,0,0,0,1,5041,1,4518,1
496,2767400,4518,9559,28.990187,0,0,11,0,0,34821,700,1582,2732579,16,185,10,1,26140,1,60,1,1954959,1,434247,1,106235,1,206168,1,4759,1,32112,1,5611,4,21,4,64985,4,1002,4,1844,8,0,0,1264,132,20,1,74564,1,872,1,2304,1,17794,2,4338,1,402636,1,18155,1,3276,1,0,0,0,0,0,0,0,0,0,1,0,1,9559,1,4518,1,17050,1,9559,1,48,1,0,0,0,0,0,0,0,1,5041,1,4518,1
497,2777900,4518,9559,28.990187,0,0,11,0,0,30933,691,1610,2746967,16,185,20,1,26351,1,40,1,1949028,1,453484,1,105033,1,208272,1,4739,1,32142,1,5541,4,40,4,64915,4,952,4,1874,8,0,0,1216,132,20,1,76437,1,862,1,2244,1,18045,2,4509,1,423998,1,17714,1,3276,1,0,0,0,0,0,0,0,0,0,1,0,1,9559,1,4518,1,17050,1,9559,1,48,1,0,0,0,0,0,0,0,1,5041,1,4518,1
498,2780100,4518,9559,28.990187,0,0,11,0,0,33905,692,1650,2746195,16,185,30,1,27333,1,110,1,1954248,1,442844,1,105554,1,211317,1,4759,1,37352,1,5591,4,50,4,65195,4,1052,4,1844,8,0,0,1245,132,20,1,74574,1,862,1,2264,1,17353,2,4469,1,394471,1,34997,1,3276,1,0,0,0,0,0,0,0,0,0,1,0,1,9559,1,4518,1,17050,1,9559,1,48,1,0,0,0,0,0,0,0,1,5041,1,4518,1
499,2784900,4518,9559,28.990187,0,0,11,0,0,31361,822,1590,2753539,16,185,40,1,26471,1,60,1,1950260,1,459205,1,104682,1,208031,1,4789,1,32052,1,5541,4,40,4,65015,4,1012,4,1854,8,0,0,1275,132,30,1,76828,1,862,1,2274,1,17263,2,4439,1,408407,1,37763,1,3306,1,0,0,0,0,0,0,0,0,0,1,0,1,9559,1,4518,1,17050,1,9559,1,48,1,0,0,0,0,0,0,0,1,5041,1,4518,1
500,2776400,4518,9559,28.990187,0,0,11,0,0,31507,722,1650,2744893,16,185,30,1,27172,1,80,1,1951092,1,447543,1,106916,1,207360,1,4699,1,32883,1,5611,4,40,4,65096,4,1022,4,1883,8,0,0,1256,132,20,1,74604,1,872,1,2324,1,17995,2,4288,1,406744,1,27583,1,3286,1,0,0,0,0,0,0,0,0,0,1,0,1,9559,1,4518,1,17050,1,9559,1,48,1,0,0,0,0,0,0,0,1,5041,1,4518,1
501,2765900,4518,9559,28.990187,0,0,11,0,0,31989,731,1661,2733911,16,185,30,1,27263,1,40,1,1948727,1,439367,1,105584,1,208121,1,4779,1,32052,1,5621,4,40,4,65226,4,962,4,1934,8,0,0,1235,132,20,1,76367,1,862,1,2274,1,17664,2,4368,1,409129,1,18295,1,3306,1,0,0,0,0,0,0,0,0,0,1,0,1,9559,1,4518,1,17050,1,9559,1,48,1,0,0,0,0,0,0,0,1,5041,1,4518,1
502,2763500,4518,9559,28.990187,0,0,11,0,0,30751,722,1638,2732749,16,185,30,1,26341,1,50,1,1948166,1,441982,1,105153,1,206288,1,4739,1,32162,1,5521,4,30,4,65105,4,972,4,1863,8,0,0,1197,132,10,1,74614,1,862,1,2244,1,17764,2,4419,1,411183,1,18786,1,3266,1,0,0,0,0,0,0,0,0,0,1,0,1,9559,1,4518,1,17050,1,9559,1,48,1,0,0,0,0,0,0,0,1,5041,1,4518,1
503,2955100,4518,9559,28.990187,0,0,11,0,0,38416,972,1701,2916684,16,185,190,1,33535,1,80,1,2048189,1,500325,1,113118,1,216588,1,4659,1,31831,1,5511,4,70,4,64494,4,1223,4,3066,8,0,0,2588,132,40,1,77199,1,1563,1,2284,1,22093,2,6242,1,447042,1,35268,1,5050,1,0,0,0,0,0,0,0,0,0,1,0,1,9559,1,4518,1,17050,1,9559,1,48,1,0,0,0,0,0,0,0,1,5041,1,4518,1
504,2872600,4518,9559,28.990187,0,0,11,0,0,32855,802,1669,2839745,16,185,40,1,34847,1,70,1,2043660,1,445739,1,105163,1,205516,1,4709,1,32302,1,5581,4,50,4,64725,4,992,4,1894,8,0,0,1217,132,20,1,73933,1,862,1,2244,1,17794,2,4318,1,415982,1,17844,1,3296,1,0,0,0,0,0,0,0,0,0,1,0,1,9559,1,4518,1,17050,1,9559,1,48,1,0,0,0,0,0,0,0,1,5041,1,4518,1
505,2775300,4518,9559,28.990187,0,0,11,0,0,34976,792,1619,2740324,16,185,50,1,26050,1,40,1,1961712,1,433696,1,106004,1,208051,1,4719,1,31831,1,5511,4,50,4,64685,4,1022,4,1874,8,0,0,1276,132,30,1,76888,1,862,1,2445,1,17544,2,4519,1,402125,1,17434,1,3256,1,0,0,0,0,0,0,0,0,0,1,0,1,9559,1,4518,1,17050,1,9559,1,48,1,0,0,0,0,0,0,0,1,5041,1,4518,1
506,2765400,4518,9559,28.990187,0,0,11,0,0,32701,802,1680,2732699,16,185,30,1,26231,1,40,1,1951112,1,436582,1,106545,1,207410,1,4749,1,32683,1,5941,4,30,4,64995,4,1022,4,1894,8,0,0,1236,132,30,1,74664,1,872,1,2224,1,17764,2,4489,1,395192,1,29106,1,3286,1,0,0,0,0,0,0,0,0,0,1,0,1,9559,1,4518,1,17050,1,9559,1,48,1,0,0,0,0,0,0,0,1,5041,1,4518,1
507,2771100,4518,9559,28.990187,0,0,11,0,0,32520,701,1531,2738580,16,185,10,1,26822,1,90,1,1949659,1,441611,1,106285,1,209374,1,4729,1,32803,1,5621,4,40,4,64925,4,982,4,1834,8,0,0,1285,132,30,1,76968,1,872,1,2244,1,17874,2,4479,1,398308,1,29908,1,3296,1,0,0,0,0,0,0,0,0,0,1,0,1,9559,1,4518,1,17050,1,9559,1,48,1,0,0,0,0,0,0,0,1,5041,1,4518,1
508,2773100,4518,9559,28.990187,0,0,11,0,0,29931,832,1542,2743169,16,185,20,1,25870,1,30,1,1949920,1,451340,1,105043,1,206178,1,4769,1,32012,1,5611,4,40,4,64975,4,962,4,1884,8,0,0,1303,132,30,1,74634,1,862,1,2274,1,17704,2,4358,1,413177,1,24728,1,3306,1,0,0,0,0,0,0,0,0,0,1,0,1,9559,1,4518,1,17050,1,9559,1,48,1,0,0,0,0,0,0,0,1,5041,1,4518,1
509,2764400,4518,9559,28.990187,0,0,11,0,0,32953,712,1660,2731447,16,185,30,1,27703,1,90,1,1955040,1,430350,1,104221,1,209253,1,4759,1,32583,1,5631,4,40,4,65116,4,1012,4,1884,8,0,0,1236,132,20,1,76708,1,862,1,2335,1,17915,2,4439,1,400302,1,18095,1,3306,1,0,0,0,0,0,0,0,0,0,1,0,1,9559,1,4518,1,17050,1,9559,1,48,1,0,0,0,0,0,0,0,1,5041,1,4518,1
510,2821300,4518,9559,28.990187,0,0,11,0,0,32543,700,1523,2788757,16,185,30,1,26351,1,110,1,1951403,1,494013,1,105554,1,206448,1,4849,1,32342,1,5641,4,40,4,64995,4,942,4,1894,8,0,0,1314,132,30,1,74734,1,862,1,2575,1,17133,2,4559,1,457182,1,23766,1,4018,1,0,0,0,0,0,0,0,0,0,1,0,1,9559,1,4518,1,17050,1,9559,1,48,1,0,0,0,0,0,0,0,1,5041,1,4518,1
511,2760500,4518,9559,28.990187,0,0,11,0,0,31708,1193,1591,2728792,16,185,30,1,27483,1,40,1,1949589,1,432805,1,104832,1,209193,1,4819,1,32483,1,5601,4,40,4,65015,4,992,4,1853,8,0,0,1255,132,20,1,76518,1,862,1,2264,1,17975,2,4378,1,389220,1,23676,1,3497,1,0,0,0,0,0,0,0,0,0,1,0,1,9559,1,4518,1,17050,1,9559,1,48,1,0,0,0,0,0,0,0,1,5041,1,4518,1
512,2765300,4518,9559,28.990187,0,0,11,0,0,31890,671,1660,2733410,16,185,40,1,27303,1,60,1,1949840,1,439137,1,105323,1,206879,1,4829,1,32342,1,5621,4,30,4,65266,4,992,4,1874,8,0,0,1205,132,20,1,74143,1,872,1,2615,1,17985,2,4449,1,391084,1,34827,1,3296,1,0,0,0,0,0,0,0,0,0,1,0,1,9559,1,4518,1,17050,1,9559,1,48,1,0,0,0,0,0,0,0,1,5041,1,4518,1
513,2762200,4518,9559,28.990187,0,0,11,0,0,32346,752,1572,2729854,16,185,10,1,27072,1,60,1,1949659,1,434818,1,105002,1,208462,1,4769,1,32192,1,5560,4,30,4,65286,4,972,4,1884,8,0,0,1284,132,20,1,76508,1,862,1,2505,1,17524,2,4368,1,394611,1,24106,1,4819,1,0,0,0,0,0,0,0,0,0,1,0,1,9559,1,4518,1,17050,1,9559,1,48,1,0,0,0,0,0,0,0,1,5041,1,4518,1
514,2773400,4518,9559,28.990187,0,0,11,0,0,30852,771,1639,2742548,16,185,40,1,25960,1,30,1,1955210,1,443475,1,105964,1,207129,1,4739,1,32392,1,5580,4,31,4,65015,4,1002,4,1874,8,0,0,1236,132,30,1,74694,1,862,1,2555,1,17935,2,4388,1,400562,1,29817,1,3256,1,0,0,0,0,0,0,0,0,0,1,0,1,9559,1,4518,1,17050,1,9559,1,48,1,0,0,0,0,0,0,0,1,5041,1,4518,1
515,2766100,4518,9559,28.990187,0,0,11,0,0,28702,631,1679,2737398,16,185,20,1,27212,1,100,1,1951032,1,435600,1,104722,1,213932,1,4779,1,37643,1,5601,4,40,4,64955,4,1042,4,1844,8,0,0,1207,132,30,1,76538,1,872,1,2525,1,17874,2,4338,1,387567,1,34807,1,3306,1,0,0,0,0,0,0,0,0,0,1,0,1,9559,1,4518,1,17050,1,9559,1,48,1,0,0,0,0,0,0,0,1,5041,1,4518,1
516,2793300,4518,9559,28.990187,0,0,11,0,0,30443,751,1621,2762857,16,185,30,1,27222,1,110,1,1953727,1,466039,1,104221,1,206749,1,4759,1,32392,1,5571,4,21,4,65025,4,1012,4,1874,8,0,0,1265,132,30,1,74664,1,862,1,2264,1,17925,2,4358,1,427354,1,16672,1,3457,1,0,0,0,0,0,0,0,0,0,1,0,1,9559,1,4518,1,17050,1,9559,1,48,1,0,0,0,0,0,0,0,1,5041,1,4518,1
517,2777000,4518,9559,28.990187,0,0,11,0,0,31216,741,1648,2745784,16,185,20,1,27423,1,60,1,1950060,1,451190,1,103790,1,208552,1,4689,1,32623,1,5601,4,40,4,65116,4,1002,4,1813,8,0,0,1168,132,20,1,76467,1,862,1,2345,1,17594,2,4328,1,410652,1,18636,1,3887,1,0,0,0,0,0,0,0,0,0,1,0,1,9559,1,4518,1,17050,1,9559,1,48,1,0,0,0,0,0,0,0,1,5041,1,4518,1
518,2763100,4518,9559,28.990187,0,0,11,0,0,28397,802,1579,2734703,16,185,20,1,26772,1,60,1,1949779,1,442153,1,104812,1,206348,1,4759,1,32483,1,5600,4,40,4,64935,4,932,4,1864,8,0,0,1217,132,20,1,74403,1,872,1,2234,1,17754,2,4409,1,401865,1,18105,1,3326,1,0,0,0,0,0,0,0,0,0,1,0,1,9559,1,4518,1,17050,1,9559,1,48,1,0,0,0,0,0,0,0,1,5041,1,4518,1
519,2776800,4518,9559,28.990187,0,0,11,0,0,33981,761,1629,2742819,16,185,20,1,27303,1,20,1,1955480,1,442563,1,104712,1,207971,1,4749,1,32042,1,5641,4,30,4,65015,4,972,4,1884,8,0,0,1226,132,10,1,76858,1,872,1,2284,1,17103,2,4499,1,411143,1,18365,1,3296,1,0,0,0,0,0,0,0,0,0,1,0,1,9559,1,4518,1,17050,1,9559,1,48,1,0,0,0,0,0,0,0,1,5041,1,4518,1
520,2880600,4518,9559,28.990187,0,0,11,0,0,32018,992,1903,2848582,16,185,190,1,32603,1,60,1,2033060,1,456069,1,111836,1,210015,1,4749,1,31661,1,6422,4,70,4,66649,4,1463,4,2184,8,0,0,1744,132,30,1,74423,1,852,1,2244,1,18586,2,4439,1,424008,1,18666,1,3266,1,0,0,0,0,0,0,0,0,0,1,0,1,9559,1,4518,1,17050,1,9559,1,48,1,0,0,0,0,0,0,0,1,5041,1,4518,1
521,2853600,4518,9559,28.990187,0,0,11,0,0,29986,672,1599,2823614,16,185,50,1,33014,1,140,1,2041336,1,433125,1,103991,1,207280,1,4679,1,32012,1,5581,4,30,4,64735,4,992,4,1843,8,0,0,1236,132,30,1,75976,1,852,1,2224,1,17925,2,4409,1,388299,1,32903,1,3286,1,0,0,0,0,0,0,0,0,0,1,0,1,9559,1,4518,1,17050,1,9559,1,48,1,0,0,0,0,0,0,0,1,5041,1,4518,1
522,2759900,4518,9559,28.990187,0,0,11,0,0,30407,700,1582,2729493,16,185,60,1,27593,1,90,1,1949820,1,435530,1,105103,1,206538,1,4759,1,32272,1,5511,4,30,4,65116,4,1002,4,1854,8,0,0,1275,132,20,1,74644,1,862,1,2294,1,17864,2,4368,1,396575,1,27162,1,3246,1,0,0,0,0,0,0,0,0,0,1,0,1,9559,1,4518,1,17050,1,9559,1,48,1,0,0,0,0,0,0,0,1,5041,1,4518,1
523,2762000,4518,9559,28.990187,0,0,11,0,0,32046,711,1698,2729954,16,185,30,1,27713,1,40,1,1949719,1,432805,1,105694,1,209233,1,4719,1,32412,1,6052,4,40,4,65126,4,972,4,1874,8,0,0,1148,132,10,1,76477,1,862,1,2244,1,17854,2,4599,1,394691,1,24668,1,3326,1,0,0,0,0,0,0,0,0,0,1,0,1,9559,1,4518,1,17050,1,9559,1,48,1,0,0,0,0,0,0,0,1,5041,1,4518,1
524,2767100,4518,9559,28.990187,0,0,11,0,0,28790,751,1522,2738310,16,185,30,1,26641,1,40,1,1950260,1,445369,1,104582,1,206628,1,4759,1,32483,1,5541,4,40,4,64965,4,962,4,1854,8,0,0,1294,132,20,1,74524,1,872,1,2224,1,18065,2,4328,1,403238,1,28986,1,3306,1,0,0,0,0,0,0,0,0,0,1,0,1,9559,1,4518,1,17050,1,9559,1,48,1,0,0,0,0,0,0,0,1,5041,1,4518,1
525,2761700,4518,9559,28.990187,0,0,11,0,0,32959,830,1650,2728741,16,185,20,1,27323,1,60,1,1950601,1,432273,1,105624,1,208061,1,4779,1,32012,1,5511,4,21,4,65116,4,1012,4,1844,8,0,0,1206,132,30,1,76147,1,862,1,2244,1,17965,2,4469,1,391014,1,28214,1,3256,1,0,0,0,0,0,0,0,0,0,1,0,1,9559,1,4518,1,17050,1,9559,1,48,1,0,0,0,0,0,0,0,1,5041,1,4518,1
526,2768500,4518,9559,28.990187,0,0,11,0,0,30330,782,1571,2738170,16,185,20,1,26281,1,30,1,1955641,1,440219,1,105043,1,206188,1,4749,1,32142,1,5591,4,50,4,65045,4,992,4,1834,8,0,0,1255,132,20,1,74554,1,862,1,2244,1,17664,2,4409,1,408959,1,19067,1,3296,1,0,0,0,0,0,0,0,0,0,1,0,1,9559,1,4518,1,17050,1,9559,1,48,1,0,0,0,0,0,0,0,1,5041,1,4518,1
527,2770600,4518,9559,28.990187,0,0,11,0,0,32661,691,1688,2737939,16,185,40,1,27543,1,60,1,1950811,1,439968,1,106145,1,208592,1,4779,1,32463,1,5491,4,40,4,65156,4,992,4,1894,8,0,0,1197,132,20,1,76518,1,872,1,2284,1,17804,2,4368,1,392076,1,35929,1,3266,1,0,0,0,0,0,0,0,0,0,1,0,1,9559,1,4518,1,17050,1,9559,1,48,1,0,0,0,0,0,0,0,1,5041,1,4518,1
528,2763200,4518,9559,28.990187,0,0,11,0,0,31423,642,1698,2731777,16,185,40,1,27453,1,50,1,1949399,1,437985,1,105393,1,206749,1,4709,1,32643,1,5631,4,60,4,65206,4,1002,4,1923,8,0,0,1228,132,30,1,74383,1,862,1,2224,1,17754,2,4388,1,396555,1,28355,1,3286,1,0,0,0,0,0,0,0,0,0,1,0,1,9559,1,4518,1,17050,1,9559,1,48,1,0,0,0,0,0,0,0,1,5041,1,4518,1
529,2752500,4518,9559,28.990187,0,0,11,0,0,31704,812,1570,2720796,16,185,30,1,26882,1,50,1,1948216,1,427955,1,104391,1,208502,1,4769,1,32493,1,5591,4,40,4,65126,4,992,4,1844,8,0,0,1265,132,20,1,76117,1,862,1,2244,1,18005,2,4358,1,382047,1,34016,1,3256,1,0,0,0,0,0,0,0,0,0,1,0,1,9559,1,4518,1,17050,1,9559,1,48,1,0,0,0,0,0,0,0,1,5041,1,4518,1
530,2764600,4518,9559,28.990187,0,0,11,0,0,30458,701,1590,2734142,16,185,30,1,26140,1,90,1,1955140,1,437614,1,104261,1,206127,1,4739,1,32212,1,5631,4,40,4,64875,4,1022,4,1854,8,0,0,1285,132,20,1,74434,1,862,1,2244,1,17965,2,4268,1,396785,1,28866,1,3306,1,0,0,0,0,0,0,0,0,0,1,0,1,9559,1,4518,1,17050,1,9559,1,48,1,0,0,0,0,0,0,0,1,5041,1,4518,1
531,2757500,4518,9559,28.990187,0,0,11,0,0,32897,701,1672,2724603,16,185,40,1,27764,1,40,1,1949299,1,429518,1,104722,1,208502,1,4719,1,32232,1,5621,4,30,4,65065,4,1072,4,1904,8,0,0,1304,132,30,1,76538,1,862,1,2274,1,17704,2,4469,1,393028,1,23355,1,3326,1,0,0,0,0,0,0,0,0,0,1,0,1,9559,1,4518,1,17050,1,9559,1,48,1,0,0,0,0,0,0,0,1,5041,1,4518,1
532,2765400,4518,9559,28.990187,0,0,11,0,0,29815,652,1540,2735585,16,185,30,1,26371,1,40,1,1948808,1,444617,1,104732,1,206228,1,4759,1,32142,1,5641,4,30,4,65055,4,972,4,1853,8,0,0,1286,132,10,1,74373,1,862,1,2224,1,18105,2,4308,1,400402,1,32402,1,3286,1,0,0,0,0,0,0,0,0,0,1,0,1,9559,1,4518,1,17050,1,9559,1,48,1,0,0,0,0,0,0,0,1,5041,1,4518,1
533,2926600,4518,9559,28.990187,0,0,11,0,0,39012,901,4966,2887588,16,185,150,1,33805,1,50,1,2094949,1,429157,1,111745,1,213001,1,4729,1,32342,1,5651,4,70,4,64575,4,1042,4,5341,8,0,0,1417,132,30,1,77209,1,862,1,2274,1,18245,2,4459,1,386225,1,27553,1,3236,1,0,0,0,0,0,0,0,0,0,1,0,1,9559,1,4518,1,17050,1,9559,1,48,1,0,0,0,0,0,0,0,1,5041,1,4518,1
534,2898000,4518,9559,28.990187,0,0,11,0,0,33226,741,1688,2864774,16,185,30,1,32613,1,20,1,2093256,1,422264,1,105293,1,206679,1,4619,1,32232,1,5541,4,30,4,64675,4,1012,4,1873,8,0,0,1197,132,20,1,74564,1,862,1,2194,1,18486,2,4449,1,382528,1,26742,1,3286,1,0,0,0,0,0,0,0,0,0,1,0,1,9559,1,4518,1,17050,1,9559,1,48,1,0,0,0,0,0,0,0,1,5041,1,4518,1
535,2761600,4518,9559,28.990187,0,0,11,0,0,30835,812,1660,2730765,16,185,40,1,26331,1,130,1,1944860,1,442213,1,104471,1,208001,1,4719,1,32493,1,5601,4,30,4,64785,4,1042,4,1873,8,0,0,1255,132,20,1,75836,1,862,1,2244,1,18005,2,4398,1,400402,1,28605,1,3236,1,0,0,0,0,0,0,0,0,0,1,0,1,9559,1,4518,1,17050,1,9559,1,48,1,0,0,0,0,0,0,0,1,5041,1,4518,1
536,2781800,4518,9559,28.990187,0,0,11,0,0,31958,742,1651,2749842,16,185,30,1,26902,1,60,1,1949519,1,456661,1,104582,1,207340,1,4749,1,32463,1,5571,4,50,4,65085,4,982,4,1964,8,0,0,1294,132,20,1,74894,1,862,1,2304,1,17935,2,4469,1,426713,1,17814,1,3246,1,0,0,0,0,0,0,0,0,0,1,0,1,9559,1,4518,1,17050,1,9559,1,48,1,0,0,0,0,0,0,0,1,5041,1,4518,1
537,2858100,4518,9559,28.990187,0,0,11,0,0,34335,822,1620,2823765,16,185,110,1,32873,1,70,1,2022981,1,438696,1,115182,1,209113,1,4739,1,31932,1,5531,4,70,4,64304,4,1072,4,1854,8,0,0,1305,132,30,1,76508,1,852,1,2926,1,18746,2,4469,1,404710,1,19157,1,3256,1,0,0,0,0,0,0,0,0,0,1,0,1,9559,1,4518,1,17050,1,9559,1,48,1,0,0,0,0,0,0,0,1,5041,1,4518,1
538,2942000,4518,9559,28.990187,0,0,11,0,0,33672,722,1630,2908328,16,185,20,1,32382,1,70,1,2114046,1,443205,1,106826,1,207019,1,4759,1,33485,1,5531,4,40,4,64845,4,1022,4,1854,8,0,0,1246,132,30,1,74063,1,852,1,2335,1,17854,2,4388,1,411954,1,17273,1,3236,1,0,0,0,0,0,0,0,0,0,1,0,1,9559,1,4518,1,17050,1,9559,1,48,1,0,0,0,0,0,0,0,1,5041,1,4518,1
539,2760400,4518,9559,28.990187,0,0,11,0,0,31178,702,1728,2729222,16,185,20,1,25900,1,60,1,1945201,1,438015,1,106806,1,208482,1,4739,1,32332,1,5550,4,30,4,64915,4,1022,4,1894,8,0,0,1187,132,30,1,76718,1,862,1,2294,1,17684,2,4449,1,406484,1,17955,1,3286,1,0,0,0,0,0,0,0,0,0,1,0,1,9559,1,4518,1,17050,1,9559,1,48,1,0,0,0,0,0,0,0,1,5041,1,4518,1
540,2761100,4518,9559,28.990187,0,0,11,0,0,30956,672,1689,2730144,16,185,20,1,27483,1,40,1,1949970,1,434929,1,105794,1,207129,1,4779,1,32713,1,5581,4,40,4,65146,4,1002,4,1924,8,0,0,1236,132,20,1,74373,1,862,1,2525,1,17874,2,4398,1,393238,1,28234,1,3266,1,0,0,0,0,0,0,0,0,0,1,0,1,9559,1,4518,1,17050,1,9559,1,48,1,0,0,0,0,0,0,0,1,5041,1,4518,1
541,2765100,4518,9559,28.990187,0,0,11,0,0,31880,721,1619,2733220,16,185,40,1,27433,1,50,1,1949769,1,437333,1,105644,1,208232,1,4719,1,32022,1,5590,4,30,4,65106,4,932,4,1884,8,0,0,1197,132,20,1,76648,1,862,1,2565,1,17504,2,4348,1,396374,1,28375,1,3296,1,0,0,0,0,0,0,0,0,0,1,0,1,9559,1,4518,1,17050,1,9559,1,48,1,0,0,0,0,0,0,0,1,5041,1,4518,1
542,2753500,4518,9559,28.990187,0,0,11,0,0,29488,692,1568,2724012,16,185,10,1,27082,1,50,1,1950120,1,429829,1,105213,1,206949,1,4759,1,32322,1,5621,4,30,4,64975,4,951,4,1873,8,0,0,1256,132,20,1,74844,1,872,1,2505,1,17955,2,4288,1,399851,1,17854,1,3296,1,0,0,0,0,0,0,0,0,0,1,0,1,9559,1,4518,1,17050,1,9559,1,48,1,0,0,0,0,0,0,0,1,5041,1,4518,1
543,2775600,4518,9559,28.990187,0,0,11,0,0,30958,701,1599,2744642,16,185,10,1,27503,1,80,1,1955350,1,443094,1,105273,1,208612,1,4719,1,32082,1,5621,4,40,4,65146,4,952,4,1864,8,0,0,1217,132,20,1,76688,1,862,1,2565,1,17744,2,4328,1,411604,1,18245,1,3256,1,0,0,0,0,0,0,0,0,0,1,0,1,9559,1,4518,1,17050,1,9559,1,48,1,0,0,0,0,0,0,0,1,5041,1,4518,1
544,2784700,4518,9559,28.990187,0,0,11,0,0,32393,872,1739,2752307,16,185,30,1,27583,1,60,1,1965440,1,440559,1,106445,1,207360,1,4829,1,32282,1,5611,4,60,4,65065,4,1022,4,1904,8,0,0,1187,132,20,1,75355,1,872,1,2284,1,17454,2,4559,1,399130,1,27303,1,3286,1,0,0,0,0,0,0,0,0,0,1,0,1,9559,1,4518,1,17050,1,9559,1,48,1,0,0,0,0,0,0,0,1,5041,1,4518,1
545,2788600,4518,9559,28.990187,0,0,11,0,0,32867,851,1619,2755733,16,185,30,1,27383,1,40,1,1950180,1,448104,1,110052,1,215165,1,4779,1,37653,1,5641,4,30,4,65025,4,1022,4,1864,8,0,0,1266,132,10,1,77349,1,862,1,2575,1,17834,2,4449,1,407706,1,27944,1,3296,1,0,0,0,0,0,0,0,0,0,1,0,1,9559,1,4518,1,17050,1,9559,1,48,1,0,0,0,0,0,0,0,1,5041,1,4518,1
546,2758400,4518,9559,28.990187,0,0,11,0,0,33987,761,1501,2724413,16,185,30,1,26160,1,60,1,1950040,1,430370,1,106034,1,206959,1,4759,1,32312,1,5531,4,40,4,65005,4,922,4,1844,8,0,0,1265,132,20,1,74924,1,862,1,2535,1,17764,2,4439,1,387798,1,28896,1,3286,1,0,0,0,0,0,0,0,0,0,1,0,1,9559,1,4518,1,17050,1,9559,1,48,1,0,0,0,0,0,0,0,1,5041,1,4518,1
547,2756900,4518,9559,28.990187,0,0,11,0,0,29822,711,1650,2727078,16,185,30,1,25950,1,50,1,1949429,1,432143,1,105614,1,209113,1,4749,1,32563,1,5520,4,30,4,65065,4,972,4,1914,8,0,0,1236,132,20,1,77189,1,862,1,2555,1,17293,2,4419,1,399621,1,19387,1,3256,1,0,0,0,0,0,0,0,0,0,1,0,1,9559,1,4518,1,17050,1,9559,1,48,1,0,0,0,0,0,0,0,1,5041,1,4518,1
548,2771500,4518,9559,28.990187,0,0,11,0,0,28641,741,1559,2742859,16,185,30,1,26752,1,100,1,1950130,1,447643,1,106165,1,207310,1,4729,1,32262,1,5541,4,30,4,65085,4,942,4,1813,8,0,0,1197,132,30,1,75085,1,862,1,2515,1,18035,2,4368,1,406694,1,18766,1,4569,1,0,0,0,0,0,0,0,0,0,1,0,1,9559,1,4518,1,17050,1,9559,1,48,1,0,0,0,0,0,0,0,1,5041,1,4518,1
549,2784500,4518,9559,28.990187,0,0,11,0,0,28967,771,1591,2755533,16,185,20,1,27453,1,50,1,1949248,1,445379,1,105383,1,223210,1,4789,1,32643,1,5651,4,30,4,67550,4,982,4,1894,8,0,0,1285,132,10,1,88651,1,872,1,2505,1,17233,2,4419,1,405201,1,28244,1,3296,1,0,0,0,0,0,0,0,0,0,1,0,1,9559,1,4518,1,17050,1,9559,1,48,1,0,0,0,0,0,0,0,1,5041,1,4518,1
550,2915700,4518,9559,28.990187,0,0,11,0,0,58060,881,1711,2857640,16,184,180,1,34977,1,70,1,2038521,1,455218,1,113659,1,210245,1,4769,1,32733,1,5511,4,70,4,64885,4,1153,4,1864,8,0,0,1305,132,40,1,75976,1,882,1,2345,1,19377,2,4529,1,421934,1,19087,1,3256,1,0,0,0,0,0,0,0,0,0,1,0,1,9559,1,4518,1,17050,1,9559,1,48,1,0,0,0,0,0,0,0,1,5041,1,4518,1
551,2941700,4518,9559,28.990187,0,0,11,0,0,31719,751,1599,2909981,16,185,70,1,32513,1,30,1,2130478,1,429869,1,104722,1,207590,1,4709,1,31942,1,5561,4,30,4,64755,4,972,4,1834,8,0,0,1207,132,30,1,76387,1,862,1,2515,1,17634,2,4318,1,389782,1,17854,1,3286,1,0,0,0,0,0,0,0,0,0,1,0,1,9559,1,4518,1,17050,1,9559,1,48,1,0,0,0,0,0,0,0,1,5041,1,4518,1
552,2754800,4518,9559,28.990187,0,0,11,0,0,29916,792,1640,2724884,16,185,50,1,26962,1,40,1,1944489,1,436622,1,105754,1,206188,1,4779,1,32012,1,5570,4,40,4,65055,4,992,4,1914,8,0,0,1265,132,30,1,74143,1,872,1,2535,1,17794,2,4439,1,405061,1,18345,1,3286,1,0,0,0,0,0,0,0,0,0,1,0,1,9559,1,4518,1,17050,1,9559,1,48,1,0,0,0,0,0,0,0,1,5041,1,4518,1
553,2782700,4518,9559,28.990187,0,0,11,0,0,30724,682,1649,2751976,16,185,20,1,27713,1,40,1,1955731,1,450138,1,105002,1,208612,1,4719,1,32423,1,5601,4,40,4,65126,4,972,4,1874,8,0,0,1196,132,20,1,76287,1,862,1,2525,1,17744,2,4459,1,409850,1,28254,1,3296,1,0,0,0,0,0,0,0,0,0,1,0,1,9559,1,4518,1,17050,1,9559,1,48,1,0,0,0,0,0,0,0,1,5041,1,4518,1
554,2937500,4518,9559,28.990187,0,0,11,0,0,30585,662,1560,2906915,16,185,130,1,29838,1,40,1,2114397,1,439427,1,110162,1,208191,1,4729,1,34096,1,5520,4,40,4,64424,4,1002,4,1864,8,0,0,1305,132,30,1,74454,1,852,1,2244,1,18536,2,4469,1,404390,1,20469,1,3306,1,0,0,0,0,0,0,0,0,0,1,0,1,9559,1,4518,1,17050,1,9559,1,48,1,0,0,0,0,0,0,0,1,5041,1,4518,1
555,2832600,4518,9559,28.990187,0,0,11,0,0,28874,712,1609,2803726,16,185,70,1,27834,1,30,1,2031848,1,426072,1,105073,1,208061,1,4739,1,32513,1,5581,4,40,4,64675,4,982,4,1824,8,0,0,1196,132,20,1,75676,1,862,1,2565,1,18345,2,4268,1,397116,1,16983,1,3246,1,0,0,0,0,0,0,0,0,0,1,0,1,9559,1,4518,1,17050,1,9559,1,48,1,0,0,0,0,0,0,0,1,5041,1,4518,1
556,2756100,4518,9559,28.990187,0,0,11,0,0,28170,812,1493,2727930,16,185,20,1,26231,1,60,1,1939349,1,444237,1,106365,1,206929,1,4739,1,32342,1,5661,4,50,4,64975,4,992,4,1844,8,0,0,1343,132,20,1,74534,1,862,1,2505,1,17985,2,4348,1,402095,1,28856,1,3276,1,0,0,0,0,0,0,0,0,0,1,0,1,9559,1,4518,1,17050,1,9559,1,48,1,0,0,0,0,0,0,0,1,5041,1,4518,1
557,2762600,4518,9559,28.990187,0,0,11,0,0,30432,721,1590,2732168,16,185,20,1,27202,1,90,1,1955791,1,430771,1,104732,1,208813,1,4749,1,32463,1,5551,4,50,4,65075,4,972,4,1844,8,0,0,1226,132,20,1,76477,1,862,1,2495,1,17945,2,4338,1,388649,1,28906,1,3296,1,0,0,0,0,0,0,0,0,0,1,0,1,9559,1,4518,1,17050,1,9559,1,48,1,0,0,0,0,0,0,0,1,5041,1,4518,1
558,2772500,4518,9559,28.990187,0,0,11,0,0,30263,702,1650,2742237,16,185,20,1,27703,1,50,1,1949038,1,448705,1,104762,1,207210,1,4749,1,32433,1,5581,4,40,4,64945,4,1002,4,1894,8,0,0,1245,132,30,1,74965,1,872,1,2525,1,17724,2,4499,1,419108,1,17664,1,3306,1,0,0,0,0,0,0,0,0,0,1,0,1,9559,1,4518,1,17050,1,9559,1,48,1,0,0,0,0,0,0,0,1,5041,1,4518,1
559,2771200,4518,9559,28.990187,0,0,11,0,0,30516,801,1621,2740684,16,185,10,1,27994,1,70,1,1948347,1,446060,1,104421,1,209033,1,4749,1,32412,1,5571,4,40,4,65126,4,992,4,1894,8,0,0,1265,132,20,1,76768,1,862,1,2274,1,17794,2,4479,1,414960,1,18035,1,3306,1,0,0,0,0,0,0,0,0,0,1,0,1,9559,1,4518,1,17050,1,9559,1,48,1,0,0,0,0,0,0,0,1,5041,1,4518,1
560,2751100,4518,9559,28.990187,0,0,11,0,0,34532,651,1609,2716568,16,185,30,1,27443,1,30,1,1949980,1,422475,1,105784,1,206147,1,4679,1,32252,1,5641,4,30,4,65165,4,982,4,1834,8,0,0,1207,132,20,1,74363,1,862,1,2204,1,17734,2,4409,1,380744,1,28735,1,3266,1,0,0,0,0,0,0,0,0,0,1,0,1,9559,1,4518,1,17050,1,9559,1,48,1,0,0,0,0,0,0,0,1,5041,1,4518,1
561,2774500,4518,9559,28.990187,0,0,11,0,0,33605,721,1659,2740895,16,185,30,1,25399,1,10,1,1956232,1,441561,1,104451,1,208492,1,4719,1,32272,1,5541,4,40,4,64935,4,972,4,1854,8,0,0,1167,132,10,1,76858,1,872,1,2274,1,17684,2,4459,1,411774,1,16562,1,3306,1,0,0,0,0,0,0,0,0,0,1,0,1,9559,1,4518,1,17050,1,9559,1,48,1,0,0,0,0,0,0,0,1,5041,1,4518,1
562,2777400,4518,9559,28.990187,0,0,11,0,0,28971,802,1620,2748429,16,185,60,1,27764,1,60,1,1949429,1,449226,1,105113,1,212009,1,4769,1,37903,1,5621,4,40,4,65136,4,982,4,1884,8,0,0,1245,132,10,1,74484,1,872,1,2264,1,17634,2,4378,1,416974,1,18806,1,3286,1,0,0,0,0,0,0,0,0,0,1,0,1,9559,1,4518,1,17050,1,9559,1,48,1,0,0,0,0,0,0,0,1,5041,1,4518,1
563,2769900,4518,9559,28.990187,0,0,11,0,0,29957,832,1670,2739943,16,185,20,1,27503,1,60,1,1949779,1,444788,1,104221,1,208833,1,4739,1,32683,1,5601,4,40,4,65166,4,962,4,1964,8,0,0,1255,132,30,1,76357,1,862,1,2254,1,17714,2,4368,1,404560,1,19277,1,4699,1,0,0,0,0,0,0,0,0,0,1,0,1,9559,1,4518,1,17050,1,9559,1,48,1,0,0,0,0,0,0,0,1,5041,1,4518,1
564,2759600,4518,9559,28.990187,0,0,11,0,0,29847,711,1611,2729753,16,185,50,1,27563,1,80,1,1949609,1,436341,1,104562,1,206829,1,4719,1,32653,1,5601,4,30,4,64895,4,982,4,1874,8,0,0,1245,132,20,1,74674,1,862,1,2234,1,17915,2,4378,1,395783,1,28565,1,3256,1,0,0,0,0,0,0,0,0,0,1,0,1,9559,1,4518,1,17050,1,9559,1,48,1,0,0,0,0,0,0,0,1,5041,1,4518,1
565,2766900,4518,9559,28.990187,0,0,11,0,0,31526,682,1601,2735374,16,185,30,1,27343,1,60,1,1949659,1,440680,1,104411,1,208442,1,4749,1,32052,1,5601,4,50,4,65025,4,1012,4,1883,8,0,0,1295,132,20,1,76678,1,872,1,2244,1,17965,2,4358,1,389271,1,37522,1,3517,1,0,0,0,0,0,0,0,0,0,1,0,1,9559,1,4518,1,17050,1,9559,1,48,1,0,0,0,0,0,0,0,1,5041,1,4518,1
566,2778000,4518,9559,28.990187,0,0,11,0,0,30522,691,1660,2747478,16,185,10,1,26862,1,40,1,1952044,1,453034,1,104221,1,206498,1,4769,1,32292,1,5601,4,40,4,65156,4,992,4,1914,8,0,0,1245,132,10,1,74383,1,862,1,2254,1,17995,2,4308,1,403859,1,36050,1,3256,1,0,0,0,0,0,0,0,0,0,1,0,1,9559,1,4518,1,17050,1,9559,1,48,1,0,0,0,0,0,0,0,1,5041,1,4518,1
567,2959400,4518,9559,28.990187,0,0,11,0,0,42481,1152,6533,2916919,16,185,190,1,37202,1,50,1,2022159,1,436135,1,145440,1,269820,1,5921,1,40318,1,8526,4,70,4,81207,4,1443,4,6943,8,0,0,1854,132,30,1,97127,1,1072,1,2926,1,22824,2,6182,1,396719,1,21762,1,4048,1,0,0,0,0,0,0,0,0,0,1,0,1,9559,1,4518,1,17050,1,9559,1,48,1,0,0,0,0,0,0,0,1,5041,1,4518,1
568,2904700,4518,9559,28.990187,0,0,11,0,0,30127,802,1580,2874573,16,185,70,1,32703,1,70,1,2076844,1,450038,1,103920,1,206218,1,4709,1,32192,1,5591,4,40,4,64775,4,972,4,1874,8,0,0,1266,132,20,1,74413,1,862,1,2294,1,18025,2,4358,1,409399,1,18265,1,3928,1,0,0,0,0,0,0,0,0,0,1,0,1,9559,1,4518,1,17050,1,9559,1,48,1,0,0,0,0,0,0,0,1,5041,1,4518,1
569,2748900,4518,9559,28.990187,0,0,11,0,0,29697,702,1602,2719203,16,185,60,1,27162,1,60,1,1943177,1,432103,1,104762,1,207129,1,4749,1,31781,1,5561,4,40,4,64615,4,1042,4,1884,8,0,0,1323,132,20,1,76047,1,862,1,2274,1,17884,2,4419,1,391745,1,28244,1,3296,1,0,0,0,0,0,0,0,0,0,1,0,1,9559,1,4518,1,17050,1,9559,1,48,1,0,0,0,0,0,0,0,1,5041,1,4518,1
570,2759100,4518,9559,28.990187,0,0,11,0,0,29297,652,1601,2729803,16,185,40,1,27353,1,60,1,1947786,1,438075,1,106054,1,205667,1,4769,1,32122,1,5631,4,30,4,64925,4,992,4,1893,8,0,0,1284,132,20,1,74554,1,872,1,2284,1,17303,2,4388,1,406784,1,18195,1,3326,1,0,0,0,0,0,0,0,0,0,1,0,1,9559,1,4518,1,17050,1,9559,1,48,1,0,0,0,0,0,0,0,1,5041,1,4518,1
571,2806500,4518,9559,28.990187,0,0,11,0,0,54373,902,1650,2752127,16,185,30,1,27603,1,70,1,1955741,1,440339,1,105273,1,218121,1,4950,1,33765,1,5581,4,40,4,65376,4,982,4,1874,8,0,0,1206,132,10,1,77239,1,962,1,2224,1,22864,2,6302,1,397877,1,18626,1,3316,1,0,0,0,0,0,0,0,0,0,1,0,1,9559,1,4518,1,17050,1,9559,1,48,1,0,0,0,0,0,0,0,1,5041,1,4518,1
572,2789800,4518,9559,28.990187,0,0,11,0,0,35620,741,1649,2754180,16,185,110,1,25880,1,20,1,1948878,1,459787,1,107908,1,206869,1,4729,1,32873,1,5611,4,30,4,65005,4,992,4,1864,8,0,0,1207,132,20,1,74383,1,862,1,2234,1,17714,2,4539,1,430931,1,16832,1,3266,1,0,0,0,0,0,0,0,0,0,1,0,1,9559,1,4518,1,17050,1,9559,1,48,1,0,0,0,0,0,0,0,1,5041,1,4518,1
573,2757400,4518,9559,28.990187,0,0,11,0,0,29691,702,1591,2727709,16,185,20,1,27423,1,40,1,1949399,1,428516,1,107888,1,209684,1,4739,1,32873,1,5591,4,40,4,65155,4,1012,4,1864,8,0,0,1284,132,20,1,76688,1,862,1,2365,1,18085,2,4429,1,397777,1,18576,1,3256,1,0,0,0,0,0,0,0,0,0,1,0,1,9559,1,4518,1,17050,1,9559,1,48,1,0,0,0,0,0,0,0,1,5041,1,4518,1
574,2769300,4518,9559,28.990187,0,0,11,0,0,31321,791,1532,2737979,16,185,20,1,27613,1,60,1,1949449,1,443164,1,105463,1,207470,1,4739,1,32873,1,5581,4,30,4,65045,4,992,4,1854,8,0,0,1314,132,20,1,74694,1,872,1,2485,1,17814,2,4419,1,402035,1,20530,1,3577,1,0,0,0,0,0,0,0,0,0,1,0,1,9559,1,4518,1,17050,1,9559,1,48,1,0,0,0,0,0,0,0,1,5041,1,4518,1
575,2772100,4518,9559,28.990187,0,0,11,0,0,28831,842,1640,2743269,16,185,30,1,27373,1,60,1,1949980,1,437754,1,109271,1,214083,1,4719,1,37693,1,5571,4,30,4,65176,4,971,4,1934,8,0,0,1265,132,20,1,76197,1,862,1,2595,1,17844,2,4348,1,395473,1,30318,1,3266,1,0,0,0,0,0,0,0,0,0,1,0,1,9559,1,4518,1,17050,1,9559,1,48,1,0,0,0,0,0,0,0,1,5041,1,4518,1
576,2761100,4518,9559,28.990187,0,0,11,0,0,34653,751,1580,2726447,16,185,40,1,27703,1,110,1,1955350,1,426933,1,104181,1,207370,1,4759,1,32763,1,5561,4,40,4,65065,4,982,4,1884,8,0,0,1285,132,20,1,74694,1,862,1,2545,1,17844,2,4358,1,376376,1,37492,1,3266,1,0,0,0,0,0,0,0,0,0,1,0,1,9559,1,4518,1,17050,1,9559,1,48,1,0,0,0,0,0,0,0,1,5041,1,4518,1
577,2770600,4518,9559,28.990187,0,0,11,0,0,31799,762,1559,2738801,16,185,20,1,25800,1,60,1,1948397,1,432885,1,105363,1,221517,1,4759,1,35979,1,10811,4,90,4,65316,4,972,4,1833,8,0,0,1245,132,20,1,76417,1,862,1,2515,1,21471,2,4469,1,390743,1,28946,1,3306,1,0,0,0,0,0,0,0,0,0,1,0,1,9559,1,4518,1,17050,1,9559,1,48,1,0,0,0,0,0,0,0,1,5041,1,4518,1
578,2758300,4518,9559,28.990187,0,0,11,0,0,28867,701,1688,2729433,16,185,30,1,27443,1,60,1,1949038,1,436932,1,103970,1,207189,1,4769,1,32242,1,5661,4,30,4,65025,4,962,4,1933,8,0,0,1207,132,30,1,74624,1,862,1,2545,1,18055,2,4519,1,406033,1,18856,1,3266,1,0,0,0,0,0,0,0,0,0,1,0,1,9559,1,4518,1,17050,1,9559,1,48,1,0,0,0,0,0,0,0,1,5041,1,4518,1
579,2771200,4518,9559,28.990187,0,0,11,0,0,29183,761,1561,2742017,16,185,30,1,27403,1,60,1,1955120,1,440940,1,104451,1,209324,1,4689,1,32493,1,5661,4,40,4,65126,4,972,4,1854,8,0,0,1264,132,20,1,76688,1,862,1,2515,1,17895,2,4439,1,400893,1,25018,1,5551,1,0,0,0,0,0,0,0,0,0,1,0,1,9559,1,4518,1,17050,1,9559,1,48,1,0,0,0,0,0,0,0,1,5041,1,4518,1
580,2860100,4518,9559,28.990187,0,0,11,0,0,31596,972,1659,2828504,16,185,200,1,37572,1,90,1,2026407,1,434909,1,114150,1,210406,1,4769,1,32683,1,5531,4,60,4,65005,4,1062,4,2124,8,0,0,1527,132,20,1,75966,1,852,1,2294,1,19387,2,4449,1,401354,1,18105,1,3266,1,0,0,0,0,0,0,0,0,0,1,0,1,9559,1,4518,1,17050,1,9559,1,48,1,0,0,0,0,0,0,0,1,5041,1,4518,1
581,2961700,4518,9559,28.990187,0,0,11,0,0,33945,761,1687,2927755,16,185,60,1,33294,1,80,1,2129085,1,444988,1,105914,1,209634,1,4699,1,32412,1,5581,4,40,4,64685,4,962,4,1904,8,0,0,1178,132,40,1,76427,1,852,1,2264,1,19337,2,4368,1,404720,1,18025,1,4098,1,0,0,0,0,0,0,0,0,0,1,0,1,9559,1,4518,1,17050,1,9559,1,48,1,0,0,0,0,0,0,0,1,5041,1,4518,1
582,2758700,4518,9559,28.990187,0,0,11,0,0,32293,671,1591,2726407,16,185,20,1,25790,1,60,1,1943998,1,441181,1,105383,1,205296,1,4679,1,32453,1,5510,4,40,4,64605,4,962,4,1884,8,0,0,1255,132,20,1,73963,1,862,1,2284,1,17684,2,4358,1,401534,1,18265,1,3928,1,0,0,0,0,0,0,0,0,0,1,0,1,9559,1,4518,1,17050,1,9559,1,48,1,0,0,0,0,0,0,0,1,5041,1,4518,1
583,2799600,4518,9559,28.990187,0,0,11,0,0,33256,802,1648,2766344,16,185,30,1,27713,1,40,1,1965450,1,452202,1,106185,1,209965,1,4759,1,32543,1,6022,4,60,4,65226,4,962,4,1893,8,0,0,1207,132,40,1,76978,1,872,1,2345,1,17644,2,4579,1,411684,1,27052,1,3266,1,0,0,0,0,0,0,0,0,0,1,0,1,9559,1,4518,1,17050,1,9559,1,48,1,0,0,0,0,0,0,0,1,5041,1,4518,1
584,2764300,4518,9559,28.990187,0,0,11,0,0,30559,701,1687,2733741,16,185,20,1,26641,1,30,1,1953978,1,435680,1,106465,1,206188,1,4739,1,32072,1,5580,4,40,4,65116,4,1012,4,1854,8,0,0,1178,132,20,1,74584,1,862,1,2234,1,17784,2,4328,1,403147,1,18856,1,3286,1,0,0,0,0,0,0,0,0,0,1,0,1,9559,1,4518,1,17050,1,9559,1,48,1,0,0,0,0,0,0,0,1,5041,1,4518,1
585,2774900,4518,9559,28.990187,0,0,11,0,0,32342,731,1678,2742558,16,185,10,1,27062,1,60,1,1949950,1,446912,1,105373,1,208462,1,4729,1,32463,1,5581,4,50,4,65106,4,942,4,1874,8,0,0,1137,132,20,1,76598,1,872,1,2234,1,17574,2,4419,1,405462,1,22403,1,3587,1,0,0,0,0,0,0,0,0,0,1,0,1,9559,1,4518,1,17050,1,9559,1,48,1,0,0,0,0,0,0,0,1,5041,1,4518,1
586,2763200,4518,9559,28.990187,0,0,11,0,0,34479,782,1679,2728721,16,185,20,1,25950,1,100,1,1948808,1,436832,1,105043,1,207220,1,4749,1,32683,1,5601,4,40,4,65146,4,1042,4,1864,8,0,0,1227,132,10,1,74814,1,872,1,2224,1,17754,2,4388,1,398258,1,26581,1,3306,1,0,0,0,0,0,0,0,0,0,1,0,1,9559,1,4518,1,17050,1,9559,1,48,1,0,0,0,0,0,0,0,1,5041,1,4518,1
587,2775000,4518,9559,28.990187,0,0,11,0,0,29927,722,1700,2745073,16,185,20,1,26471,1,50,1,1950521,1,448234,1,105704,1,209334,1,4739,1,32443,1,5611,4,40,4,65116,4,1032,4,1904,8,0,0,1236,132,20,1,76808,1,862,1,2254,1,18115,2,4409,1,406945,1,28174,1,3256,1,0,0,0,0,0,0,0,0,0,1,0,1,9559,1,4518,1,17050,1,9559,1,48,1,0,0,0,0,0,0,0,1,5041,1,4518,1
588,2867000,4518,9559,28.990187,0,0,11,0,0,34023,982,2074,2832977,16,185,10,1,27723,1,30,1,1950110,1,448109,1,137345,1,263708,1,5941,1,43153,1,9408,4,50,4,81417,4,1313,4,2314,8,0,0,1553,132,20,1,93801,1,1072,1,2906,1,20740,2,6533,1,405186,1,26581,1,4068,1,0,0,0,0,0,0,0,0,0,1,0,1,9559,1,4518,1,17050,1,9559,1,48,1,0,0,0,0,0,0,0,1,5041,1,4518,1
589,2789700,4518,9559,28.990187,0,0,11,0,0,34207,771,1609,2755493,16,185,30,1,28204,1,100,1,1975880,1,430139,1,107277,1,209113,1,4749,1,32853,1,5521,4,40,4,65035,4,982,4,1864,8,0,0,1236,132,40,1,76788,1,852,1,2274,1,17644,2,4449,1,400432,1,17113,1,3286,1,0,0,0,0,0,0,0,0,0,1,0,1,9559,1,4518,1,17050,1,9559,1,48,1,0,0,0,0,0,0,0,1,5041,1,4518,1
590,2755300,4518,9559,28.990187,0,0,11,0,0,32831,731,1501,2722469,16,185,40,1,26331,1,30,1,1950781,1,427083,1,107217,1,206208,1,4779,1,32092,1,5481,4,40,4,65155,4,942,4,1834,8,0,0,1274,132,30,1,74434,1,862,1,2234,1,17905,2,4469,1,394881,1,19558,1,3256,1,0,0,0,0,0,0,0,0,0,1,0,1,9559,1,4518,1,17050,1,9559,1,48,1,0,0,0,0,0,0,0,1,5041,1,4518,1
591,2764400,4518,9559,28.990187,0,0,11,0,0,31801,841,1758,2732599,16,185,20,1,26992,1,70,1,1949349,1,436291,1,106505,1,208632,1,4739,1,32262,1,5631,4,21,4,65116,4,1042,4,1904,8,0,0,1188,132,20,1,76487,1,872,1,2234,1,17754,2,4449,1,396525,1,26521,1,3266,1,0,0,0,0,0,0,0,0,0,1,0,1,9559,1,4518,1,17050,1,9559,1,48,1,0,0,0,0,0,0,0,1,5041,1,4518,1
592,2763400,4518,9559,28.990187,0,0,11,0,0,30030,721,1769,2733370,16,185,20,1,26110,1,50,1,1949329,1,435780,1,104982,1,212359,1,4739,1,37923,1,5611,4,50,4,64955,4,1032,4,1934,8,0,0,1197,132,10,1,74734,1,862,1,2284,1,17824,2,4419,1,393348,1,29367,1,3266,1,0,0,0,0,0,0,0,0,0,1,0,1,9559,1,4518,1,17050,1,9559,1,48,1,0,0,0,0,0,0,0,1,5041,1,4518,1
593,2765600,4518,9559,28.990187,0,0,11,0,0,30356,741,1610,2735244,16,185,40,1,27313,1,90,1,1950260,1,439157,1,104962,1,208692,1,4729,1,32382,1,5581,4,30,4,65166,4,992,4,1884,8,0,0,1265,132,20,1,76427,1,862,1,2264,1,17945,2,4398,1,386555,1,40488,1,3256,1,0,0,0,0,0,0,0,0,0,1,0,1,9559,1,4518,1,17050,1,9559,1,48,1,0,0,0,0,0,0,0,1,5041,1,4518,1
594,2858900,4518,9559,28.990187,0,0,11,0,0,38261,982,1824,2820639,16,185,60,1,27443,1,40,1,1966191,1,443675,1,131213,1,247337,1,4679,1,46019,1,7244,4,50,4,78772,4,1483,4,2916,8,0,0,2574,132,40,1,83772,1,882,1,4348,1,16382,2,4449,1,400883,1,21862,1,6192,1,0,0,0,0,0,0,0,0,0,1,0,1,9559,1,4518,1,17050,1,9559,1,48,1,0,0,0,0,0,0,0,1,5041,1,4518,1
595,2923700,4518,9559,28.990187,0,0,11,0,0,40350,861,1690,2883350,16,185,230,1,34216,1,60,1,2111381,1,406414,1,113359,1,212971,1,4719,1,33384,1,5551,4,60,4,64575,4,1102,4,1884,8,0,0,1296,132,220,1,79463,1,862,1,2284,1,18245,2,4479,1,372087,1,19948,1,3266,1,0,0,0,0,0,0,0,0,0,1,0,1,9559,1,4518,1,17050,1,9559,1,48,1,0,0,0,0,0,0,0,1,5041,1,4518,1
596,2942400,4518,9559,28.990187,0,0,11,0,0,32399,931,1600,2910001,16,185,90,1,32392,1,80,1,2107854,1,444046,1,111445,1,209344,1,4749,1,33384,1,5581,4,30,4,64955,4,1012,4,1854,8,0,0,1265,132,40,1,75055,1,872,1,2244,1,18836,2,4549,1,409850,1,19207,1,3236,1,0,0,0,0,0,0,0,0,0,1,0,1,9559,1,4518,1,17050,1,9559,1,48,1,0,0,0,0,0,0,0,1,5041,1,4518,1
597,2968500,4518,9559,28.990187,0,0,11,0,0,30926,941,1569,2937574,16,185,200,1,33304,1,60,1,2117813,1,456761,1,112076,1,212570,1,4789,1,32623,1,5521,4,41,4,64585,4,1553,4,1834,8,0,0,1817,132,20,1,79273,1,912,1,2274,1,18526,2,4469,1,424809,1,18185,1,3296,1,0,0,0,0,0,0,0,0,0,1,0,1,9559,1,4518,1,17050,1,9559,1,48,1,0,0,0,0,0,0,0,1,5041,1,4518,1
598,2912300,4518,9559,28.990187,0,0,11,0,0,34581,760,1699,2877719,16,185,80,1,33495,1,90,1,2091663,1,430690,1,108790,1,208262,1,4649,1,32483,1,5631,4,31,4,64935,4,992,4,1904,8,0,0,1197,132,30,1,74794,1,882,1,2495,1,18866,2,4459,1,396915,1,17704,1,4328,1,0,0,0,0,0,0,0,0,0,1,0,1,9559,1,4518,1,17050,1,9559,1,48,1,0,0,0,0,0,0,0,1,5041,1,4518,1
599,2758200,4518,9559,28.990187,0,0,11,0,0,28497,782,1738,2729703,16,185,100,1,26531,1,120,1,1949529,1,433215,1,106966,1,208592,1,4649,1,32723,1,5591,4,30,4,64795,4,1002,4,1924,8,0,0,1187,132,10,1,76508,1,872,1,2254,1,17764,2,4338,1,391455,1,28585,1,3256,1,0,0,0,0,0,0,0,0,0,1,0,1,9559,1,4518,1,17050,1,9559,1,48,1,0,0,0,0,0,0,0,1,5041,1,4518,1
600,2767900,4518,9559,28.990187,0,0,11,0,0,31965,700,1571,2735935,16,185,70,1,26962,1,50,1,1949830,1,442533,1,105353,1,206498,1,4639,1,32483,1,5621,4,21,4,65126,4,982,4,1874,8,0,0,1285,132,30,1,74323,1,862,1,2244,1,17884,2,4348,1,413397,1,16602,1,3356,1,0,0,0,0,0,0,0,0,0,1,0,1,9559,1,4518,1,17050,1,9559,1,48,1,0,0,0,0,0,0,0,1,5041,1,4518,1
601,2778500,4518,9559,28.990187,0,0,11,0,0,31363,670,1710,2747137,16,185,20,1,26411,1,40,1,1955160,1,446501,1,105664,1,208562,1,4779,1,32142,1,5551,4,11,4,65136,4,992,4,1934,8,0,0,1216,132,30,1,76357,1,862,1,2535,1,17884,2,4459,1,410061,1,23054,1,3266,1,0,0,0,0,0,0,0,0,0,1,0,1,9559,1,4518,1,17050,1,9559,1,48,1,0,0,0,0,0,0,0,1,5041,1,4518,1
602,2766200,4518,9559,28.990187,0,0,11,0,0,30024,712,1560,2736176,16,185,30,1,27423,1,40,1,1949639,1,441571,1,105804,1,206919,1,4749,1,32222,1,5581,4,40,4,65136,4,992,4,1833,8,0,0,1265,132,20,1,74524,1,862,1,2525,1,17995,2,4479,1,410371,1,18085,1,3246,1,0,0,0,0,0,0,0,0,0,1,0,1,9559,1,4518,1,17050,1,9559,1,48,1,0,0,0,0,0,0,0,1,5041,1,4518,1
603,2775400,4518,9559,28.990187,0,0,11,0,0,30537,702,1571,2744863,16,185,10,1,27062,1,60,1,1949950,1,449196,1,105303,1,208492,1,4789,1,32182,1,5661,4,40,4,65015,4,982,4,1864,8,0,0,1275,132,30,1,76628,1,872,1,2535,1,17474,2,4509,1,419068,1,18095,1,3256,1,0,0,0,0,0,0,0,0,0,1,0,1,9559,1,4518,1,17050,1,9559,1,48,1,0,0,0,0,0,0,0,1,5041,1,4518,1
604,2777500,4518,9559,28.990187,0,0,11,0,0,31796,671,1619,2745704,16,185,20,1,27693,1,70,1,1950531,1,449717,1,105904,1,207019,1,4749,1,32623,1,5641,4,40,4,65146,4,1012,4,1854,8,0,0,1246,132,20,1,74484,1,872,1,2515,1,17684,2,4459,1,397737,1,38765,1,3316,1,0,0,0,0,0,0,0,0,0,1,0,1,9559,1,4518,1,17050,1,9559,1,48,1,0,0,0,0,0,0,0,1,5041,1,4518,1
605,2857700,4518,9559,28.990187,0,0,11,0,0,41640,1162,2004,2816060,16,168,20,1,27082,1,30,1,1949389,1,453504,1,104942,1,275141,1,5951,1,53423,1,7925,4,60,4,81778,4,1272,4,2465,8,0,0,1733,132,40,1,96686,1,1072,1,2956,1,20469,2,5831,1,412726,1,19638,1,3817,1,0,0,0,0,0,0,0,0,0,1,0,1,9559,1,4518,1,17050,1,9559,1,48,1,0,0,0,0,0,0,0,1,5041,1,4518,1
606,2799200,4518,9559,28.990187,0,0,11,0,0,38547,881,1681,2760653,16,185,140,1,34406,1,40,1,1966151,1,433947,1,112477,1,208722,1,4769,1,31922,1,5481,4,60,4,64504,4,1122,4,3076,8,0,0,2517,132,40,1,75375,1,912,1,2264,1,18676,2,4409,1,386125,1,32954,1,3236,1,0,0,0,0,0,0,0,0,0,1,0,1,9559,1,4518,1,17050,1,9559,1,48,1,0,0,0,0,0,0,0,1,5041,1,4518,1
607,2829200,4518,9559,28.990187,0,0,11,0,0,30233,791,1630,2798967,16,185,30,1,33124,1,60,1,2010707,1,436211,1,105293,1,208803,1,4739,1,32242,1,5611,4,30,4,64615,4,972,4,1874,8,0,0,1217,132,30,1,76247,1,862,1,2234,1,18967,2,4328,1,404861,1,17544,1,3246,1,0,0,0,0,0,0,0,0,0,1,0,1,9559,1,4518,1,17050,1,9559,1,48,1,0,0,0,0,0,0,0,1,5041,1,4518,1
608,2750600,4518,9559,28.990187,0,0,11,0,0,29634,691,1631,2720966,16,185,50,1,27162,1,40,1,1944630,1,433326,1,105173,1,205847,1,4739,1,32623,1,5581,4,40,4,64625,4,1012,4,1864,8,0,0,1245,132,30,1,73933,1,862,1,2254,1,17834,2,4499,1,403799,1,17343,1,3246,1,0,0,0,0,0,0,0,0,0,1,0,1,9559,1,4518,1,17050,1,9559,1,48,1,0,0,0,0,0,0,0,1,5041,1,4518,1
609,2774000,4518,9559,28.990187,0,0,11,0,0,32975,791,1690,2741025,16,185,40,1,27283,1,40,1,1946964,1,447613,1,105784,1,208542,1,4759,1,32292,1,5541,4,21,4,65096,4,1052,4,1894,8,0,0,1256,132,10,1,76377,1,872,1,2284,1,17874,2,4439,1,405983,1,28365,1,3326,1,0,0,0,0,0,0,0,0,0,1,0,1,9559,1,4518,1,17050,1,9559,1,48,1,0,0,0,0,0,0,0,1,5041,1,4518,1
610,3018100,4518,9559,28.990187,0,0,11,0,0,34843,771,2024,2983257,16,185,140,1,32813,1,80,1,2103486,1,458519,1,126584,1,255833,1,5801,1,39817,1,8456,4,40,4,80525,4,1212,4,2585,8,0,0,1773,132,40,1,91817,1,1072,1,2775,1,20730,2,5992,1,414043,1,30048,1,4038,1,0,0,0,0,0,0,0,0,0,1,0,1,9559,1,4518,1,17050,1,9559,1,48,1,0,0,0,0,0,0,0,1,5041,1,4518,1
611,2919700,4518,9559,28.990187,0,0,11,0,0,34727,811,1631,2884973,16,185,40,1,32372,1,70,1,2091433,1,443525,1,104532,1,208252,1,4749,1,32112,1,5511,4,40,4,64745,4,1012,4,1844,8,0,0,1225,132,20,1,76487,1,862,1,2254,1,18115,2,4439,1,403418,1,26972,1,3296,1,0,0,0,0,0,0,0,0,0,1,0,1,9559,1,4518,1,17050,1,9559,1,48,1,0,0,0,0,0,0,0,1,5041,1,4518,1
612,2750100,4518,9559,28.990187,0,0,11,0,0,32741,661,1540,2717359,16,185,40,1,25700,1,110,1,1944720,1,431552,1,104902,1,205576,1,4759,1,32252,1,5511,4,50,4,64805,4,962,4,1804,8,0,0,1225,132,20,1,74413,1,862,1,2254,1,17594,2,4388,1,399641,1,18776,1,3286,1,0,0,0,0,0,0,0,0,0,1,0,1,9559,1,4518,1,17050,1,9559,1,48,1,0,0,0,0,0,0,0,1,5041,1,4518,1
613,2755700,4518,9559,28.990187,0,0,11,0,0,27770,821,1679,2727930,16,185,80,1,27062,1,40,1,1948968,1,434728,1,104371,1,207891,1,4789,1,31871,1,5601,4,30,4,64985,4,962,4,1904,8,0,0,1187,132,30,1,76357,1,852,1,2244,1,17945,2,4288,1,404610,1,17133,1,3236,1,0,0,0,0,0,0,0,0,0,1,0,1,9559,1,4518,1,17050,1,9559,1,48,1,0,0,0,0,0,0,0,1,5041,1,4518,1
614,2762000,4518,9559,28.990187,0,0,11,0,0,33619,702,1670,2728381,16,185,50,1,27202,1,30,1,1949238,1,435279,1,104672,1,207200,1,4709,1,32583,1,5611,4,40,4,65005,4,1031,4,1864,8,0,0,1225,132,10,1,74754,1,862,1,2244,1,18025,2,4469,1,404811,1,17303,1,3266,1,0,0,0,0,0,0,0,0,0,1,0,1,9559,1,4518,1,17050,1,9559,1,48,1,0,0,0,0,0,0,0,1,5041,1,4518,1
615,2771800,4518,9559,28.990187,0,0,11,0,0,32749,712,1778,2739051,16,185,50,1,25309,1,110,1,1955631,1,438606,1,105373,1,209243,1,4729,1,32463,1,5611,4,40,4,65216,4,1021,4,1984,8,0,0,1227,132,10,1,76768,1,862,1,2244,1,17955,2,4358,1,397216,1,28244,1,3266,1,0,0,0,0,0,0,0,0,0,1,0,1,9559,1,4518,1,17050,1,9559,1,48,1,0,0,0,0,0,0,0,1,5041,1,4518,1
616,2762400,4518,9559,28.990187,0,0,11,0,0,32597,802,1561,2729803,16,185,10,1,26150,1,50,1,1955671,1,430500,1,106034,1,206648,1,4739,1,32913,1,5611,4,40,4,65065,4,972,4,1854,8,0,0,1264,132,20,1,74494,1,862,1,2234,1,17454,2,4328,1,389331,1,28996,1,3306,1,0,0,0,0,0,0,0,0,0,1,0,1,9559,1,4518,1,17050,1,9559,1,48,1,0,0,0,0,0,0,0,1,5041,1,4518,1
617,2776500,4518,9559,28.990187,0,0,11,0,0,32108,681,1640,2744392,16,185,10,1,26351,1,40,1,1955531,1,444066,1,104972,1,208682,1,4739,1,32583,1,5631,4,40,4,65035,4,1022,4,1894,8,0,0,1275,132,20,1,76487,1,862,1,2254,1,17704,2,4469,1,401284,1,29727,1,3296,1,0,0,0,0,0,0,0,0,0,1,0,1,9559,1,4518,1,17050,1,9559,1,48,1,0,0,0,0,0,0,0,1,5041,1,4518,1
618,2773400,4518,9559,28.990187,0,0,11,0,0,29229,730,1658,2744171,16,185,20,1,26922,1,40,1,1949459,1,439968,1,109932,1,213041,1,4789,1,38384,1,5581,4,30,4,65246,4,972,4,1864,8,0,0,1178,132,10,1,74934,1,862,1,2274,1,17794,2,4358,1,400793,1,25870,1,3266,1,0,0,0,0,0,0,0,0,0,1,0,1,9559,1,4518,1,17050,1,9559,1,48,1,0,0,0,0,0,0,0,1,5041,1,4518,1
619,2775300,4518,9559,28.990187,0,0,11,0,0,30317,722,1688,2744983,16,185,20,1,27343,1,20,1,1950411,1,447242,1,106295,1,208913,1,4739,1,32362,1,5601,4,40,4,65236,4,1032,4,1864,8,0,0,1207,132,10,1,76658,1,862,1,2274,1,17814,2,4439,1,415671,1,18646,1,3276,1,0,0,0,0,0,0,0,0,0,1,0,1,9559,1,4518,1,17050,1,9559,1,48,1,0,0,0,0,0,0,0,1,5041,1,4518,1
620,2761700,4518,9559,28.990187,0,0,11,0,0,29121,672,1669,2732579,16,185,10,1,27353,1,60,1,1949359,1,438475,1,105884,1,206608,1,4829,1,32262,1,5571,4,50,4,65035,4,1012,4,1854,8,0,0,1196,132,10,1,74894,1,862,1,2234,1,17854,2,4298,1,406474,1,18806,1,3286,1,0,0,0,0,0,0,0,0,0,1,0,1,9559,1,4518,1,17050,1,9559,1,48,1,0,0,0,0,0,0,0,1,5041,1,4518,1
621,2775200,4518,9559,28.990187,0,0,11,0,0,30057,741,1670,2745143,16,185,20,1,27713,1,40,1,1948417,1,449988,1,105383,1,208833,1,4749,1,32463,1,5651,4,40,4,64965,4,962,4,1913,8,0,0,1205,132,20,1,76477,1,862,1,2264,1,17905,2,4569,1,409259,1,27693,1,3306,1,0,0,0,0,0,0,0,0,0,1,0,1,9559,1,4518,1,17050,1,9559,1,48,1,0,0,0,0,0,0,0,1,5041,1,4518,1
622,2946300,4518,9559,28.990187,0,0,11,0,0,39260,932,1592,2907040,16,185,30,1,27353,1,110,1,1960630,1,548813,1,137896,1,227418,1,4789,1,39737,1,8536,4,40,4,67200,4,992,4,1914,8,0,0,1313,132,40,1,81948,1,862,1,2525,1,16883,2,5811,1,499588,1,31801,1,4078,1,0,0,0,0,0,0,0,0,0,1,0,1,9559,1,4518,1,17050,1,9559,1,48,1,0,0,0,0,0,0,0,1,5041,1,4518,1
623,2769200,4518,9559,28.990187,0,0,11,0,0,32433,911,1670,2736767,16,185,190,1,31150,1,60,1,1935412,1,443205,1,111305,1,210696,1,4749,1,32543,1,5561,4,50,4,64404,4,1072,4,1824,8,0,0,1227,132,30,1,78101,1,862,1,2264,1,18586,2,4489,1,388419,1,39606,1,3266,1,0,0,0,0,0,0,0,0,0,1,0,1,9559,1,4518,1,17050,1,9559,1,48,1,0,0,0,0,0,0,0,1,5041,1,4518,1
624,2788400,4518,9559,28.990187,0,0,11,0,0,29991,942,1700,2758409,16,185,170,1,27673,1,20,1,1969177,1,438095,1,110233,1,208221,1,4819,1,32412,1,5561,4,60,4,64765,4,1152,4,1863,8,0,0,1315,132,30,1,74844,1,862,1,2304,1,18967,2,4459,1,405221,1,17854,1,3266,1,0,0,0,0,0,0,0,0,0,1,0,1,9559,1,4518,1,17050,1,9559,1,48,1,0,0,0,0,0,0,0,1,5041,1,4518,1
625,2771000,4518,9559,28.990187,0,0,11,0,0,30366,802,1689,2740634,16,185,140,1,27092,1,30,1,1934891,1,456981,1,108529,1,208211,1,4759,1,32503,1,5631,4,40,4,64554,4,1012,4,1884,8,0,0,1207,132,20,1,76237,1,862,1,2244,1,17895,2,4529,1,424839,1,17534,1,3236,1,0,0,0,0,0,0,0,0,0,1,0,1,9559,1,4518,1,17050,1,9559,1,48,1,0,0,0,0,0,0,0,1,5041,1,4518,1
626,2767800,4518,9559,28.990187,0,0,11,0,0,29821,801,1591,2737979,16,185,40,1,27222,1,50,1,1947906,1,443024,1,107838,1,207189,1,4709,1,32583,1,5601,4,30,4,65306,4,972,4,1924,8,0,0,1305,132,10,1,74464,1,882,1,2324,1,17824,2,4469,1,401715,1,19227,1,5380,1,0,0,0,0,0,0,0,0,0,1,0,1,9559,1,4518,1,17050,1,9559,1,48,1,0,0,0,0,0,0,0,1,5041,1,4518,1
627,2932300,4518,9559,28.990187,0,0,11,0,0,31637,671,1668,2900663,16,185,70,1,33795,1,80,1,2110840,1,435319,1,108098,1,207751,1,4709,1,31411,1,5471,4,30,4,64364,4,1523,4,1893,8,0,0,1748,132,30,1,76197,1,852,1,2194,1,18676,2,4439,1,404239,1,18055,1,3246,1,0,0,0,0,0,0,0,0,0,1,0,1,9559,1,4518,1,17050,1,9559,1,48,1,0,0,0,0,0,0,0,1,5041,1,4518,1
628,2967100,4518,9559,28.990187,0,0,11,0,0,30568,721,1649,2936532,16,185,60,1,33094,1,60,1,2152841,1,434408,1,105584,1,205707,1,4779,1,32423,1,5520,4,30,4,64685,4,972,4,1894,8,0,0,1217,132,30,1,73963,1,862,1,2204,1,18055,2,4348,1,404911,1,16802,1,3246,1,0,0,0,0,0,0,0,0,0,1,0,1,9559,1,4518,1,17050,1,9559,1,48,1,0,0,0,0,0,0,0,1,5041,1,4518,1
629,2764000,4518,9559,28.990187,0,0,11,0,0,33265,721,1571,2730735,16,185,60,1,27333,1,40,1,1945241,1,440830,1,105503,1,206989,1,4739,1,32172,1,5531,4,21,4,64585,4,982,4,1854,8,0,0,1265,132,30,1,76277,1,862,1,2234,1,17444,2,4278,1,400192,1,18365,1,3767,1,0,0,0,0,0,0,0,0,0,1,0,1,9559,1,4518,1,17050,1,9559,1,48,1,0,0,0,0,0,0,0,1,5041,1,4518,1
630,2767100,4518,9559,28.990187,0,0,11,0,0,31545,732,1630,2735555,16,185,40,1,26932,1,130,1,1951753,1,438956,1,106455,1,206518,1,4769,1,32883,1,5600,4,60,4,65136,4,1012,4,1854,8,0,0,1235,132,20,1,74133,1,872,1,2274,1,17564,2,4378,1,396795,1,28886,1,3316,1,0,0,0,0,0,0,0,0,0,1,0,1,9559,1,4518,1,17050,1,9559,1,48,1,0,0,0,0,0,0,0,1,5041,1,4518,1
631,2775100,4518,9559,28.990187,0,0,11,0,0,28544,812,1679,2746556,16,185,40,1,27182,1,30,1,1949158,1,446972,1,109712,1,208682,1,4779,1,32553,1,5591,4,50,4,65126,4,972,4,1913,8,0,0,1207,132,10,1,76508,1,872,1,2224,1,17784,2,4268,1,416754,1,18315,1,3266,1,0,0,0,0,0,0,0,0,0,1,0,1,9559,1,4518,1,17050,1,9559,1,48,1,0,0,0,0,0,0,0,1,5041,1,4518,1
632,2779100,4518,9559,28.990187,0,0,11,0,0,33145,712,1632,2745955,16,185,10,1,27533,1,120,1,1955801,1,445008,1,105854,1,206909,1,4719,1,32823,1,5561,4,40,4,65115,4,1002,4,1924,8,0,0,1294,132,10,1,74253,1,862,1,2304,1,17895,2,4409,1,413918,1,19107,1,3306,1,0,0,0,0,0,0,0,0,0,1,0,1,9559,1,4518,1,17050,1,9559,1,48,1,0,0,0,0,0,0,0,1,5041,1,4518,1
633,2846700,4518,9559,28.990187,0,0,11,0,0,32083,721,1581,2814617,16,185,10,1,25750,1,50,1,1948888,1,521195,1,106475,1,207480,1,4769,1,32082,1,5570,4,21,4,64995,4,962,4,1894,8,0,0,1275,132,30,1,76427,1,862,1,2254,1,17373,2,4288,1,489814,1,18225,1,3306,1,0,0,0,0,0,0,0,0,0,1,0,1,9559,1,4518,1,17050,1,9559,1,48,1,0,0,0,0,0,0,0,1,5041,1,4518,1
634,2778800,4518,9559,28.990187,0,0,11,0,0,30050,741,1622,2748750,16,185,10,1,27774,1,30,1,1955390,1,448134,1,106235,1,206448,1,4729,1,32182,1,5521,4,30,4,65156,4,1042,4,1864,8,0,0,1284,132,20,1,74413,1,862,1,2234,1,17975,2,4409,1,405933,1,28996,1,3256,1,0,0,0,0,0,0,0,0,0,1,0,1,9559,1,4518,1,17050,1,9559,1,48,1,0,0,0,0,0,0,0,1,5041,1,4518,1
635,2784800,4518,9559,28.990187,0,0,11,0,0,40499,781,1562,2744301,16,185,10,1,27553,1,60,1,1949619,1,448735,1,105093,1,208552,1,4679,1,32352,1,5501,4,30,4,65045,4,982,4,1914,8,0,0,1333,132,10,1,76457,1,872,1,2234,1,18065,2,4308,1,418497,1,17925,1,3316,1,0,0,0,0,0,0,0,0,0,1,0,1,9559,1,4518,1,17050,1,9559,1,48,1,0,0,0,0,0,0,0,1,5041,1,4518,1
636,2946400,4518,9559,28.990187,0,0,11,0,0,37191,872,1552,2909209,16,185,50,1,36330,1,70,1,2112824,1,437573,1,109832,1,207831,1,4699,1,32332,1,5521,4,40,4,64575,4,1032,4,1813,8,0,0,1293,132,40,1,74965,1,862,1,2294,1,19037,2,4449,1,406834,1,16682,1,4308,1,0,0,0,0,0,0,0,0,0,1,0,1,9559,1,4518,1,17050,1,9559,1,48,1,0,0,0,0,0,0,0,1,5041,1,4518,1
637,2908200,4518,9559,28.990187,0,0,11,0,0,33818,721,1682,2874382,16,185,40,1,33124,1,70,1,2080982,1,441311,1,105153,1,208973,1,4729,1,32092,1,5591,4,40,4,64785,4,1002,4,1944,8,0,0,1264,132,20,1,76528,1,862,1,2244,1,18806,2,4338,1,411053,1,18235,1,3276,1,0,0,0,0,0,0,0,0,0,1,0,1,9559,1,4518,1,17050,1,9559,1,48,1,0,0,0,0,0,0,0,1,5041,1,4518,1
638,2761200,4518,9559,28.990187,0,0,11,0,0,29894,701,1690,2731306,16,185,60,1,25890,1,90,1,1948697,1,441050,1,105674,1,205105,1,4739,1,32102,1,5471,4,40,4,64655,4,1032,4,1884,8,0,0,1226,132,10,1,74073,1,862,1,2214,1,17774,2,4288,1,399961,1,27864,1,3276,1,0,0,0,0,0,0,0,0,0,1,0,1,9559,1,4518,1,17050,1,9559,1,48,1,0,0,0,0,0,0,0,1,5041,1,4518,1
639,2787200,4518,9559,28.990187,0,0,11,0,0,30124,781,1612,2757076,16,185,50,1,26902,1,20,1,1954689,1,455939,1,105343,1,209374,1,4759,1,32743,1,5601,4,30,4,65075,4,1022,4,1884,8,0,0,1294,132,30,1,76678,1,862,1,2264,1,18035,2,4368,1,426001,1,16732,1,3306,1,0,0,0,0,0,0,0,0,0,1,0,1,9559,1,4518,1,17050,1,9559,1,48,1,0,0,0,0,0,0,0,1,5041,1,4518,1
640,2766700,4518,9559,28.990187,0,0,11,0,0,30304,711,1670,2736396,16,185,40,1,27693,1,60,1,1950030,1,440309,1,106255,1,207260,1,4749,1,32873,1,5581,4,30,4,65186,4,1092,4,1844,8,0,0,1265,132,20,1,74544,1,862,1,2264,1,17884,2,4368,1,407666,1,20610,1,3276,1,0,0,0,0,0,0,0,0,0,1,0,1,9559,1,4518,1,17050,1,9559,1,48,1,0,0,0,0,0,0,0,1,5041,1,4518,1
641,2772900,4518,9559,28.990187,0,0,11,0,0,33348,662,1610,2739552,16,185,10,1,27553,1,10,1,1949569,1,444277,1,105453,1,207891,1,4789,1,32182,1,5631,4,40,4,65015,4,1012,4,1834,8,0,0,1236,132,20,1,76297,1,872,1,2234,1,17754,2,4338,1,412565,1,18506,1,3336,1,0,0,0,0,0,0,0,0,0,1,0,1,9559,1,4518,1,17050,1,9559,1,48,1,0,0,0,0,0,0,0,1,5041,1,4518,1
642,2775700,4518,9559,28.990187,0,0,11,0,0,31148,681,1630,2744552,16,185,30,1,25960,1,100,1,1963646,1,437734,1,105503,1,206839,1,4739,1,32402,1,5561,4,40,4,65196,4,962,4,1944,8,0,0,1275,132,30,1,74694,1,872,1,2244,1,17915,2,4298,1,396154,1,21682,1,4118,1,0,0,0,0,0,0,0,0,0,1,0,1,9559,1,4518,1,17050,1,9559,1,48,1,0,0,0,0,0,0,0,1,5041,1,4518,1
643,2765700,4518,9559,28.990187,0,0,11,0,0,31799,711,1640,2733901,16,185,50,1,27814,1,60,1,1950300,1,436572,1,106165,1,208181,1,4759,1,32553,1,5531,4,40,4,64945,4,1032,4,1854,8,0,0,1246,132,20,1,76307,1,872,1,2294,1,17714,2,4308,1,392607,1,30639,1,3276,1,0,0,0,0,0,0,0,0,0,1,0,1,9559,1,4518,1,17050,1,9559,1,48,1,0,0,0,0,0,0,0,1,5041,1,4518,1
644,2763400,4518,9559,28.990187,0,0,11,0,0,29228,771,1681,2734172,16,185,30,1,26942,1,60,1,1950581,1,438926,1,105644,1,207210,1,4779,1,32503,1,5641,4,40,4,65035,4,1032,4,1884,8,0,0,1235,132,30,1,74965,1,872,1,2244,1,17664,2,4529,1,400542,1,26030,1,3326,1,0,0,0,0,0,0,0,0,0,1,0,1,9559,1,4518,1,17050,1,9559,1,48,1,0,0,0,0,0,0,0,1,5041,1,4518,1
645,2775200,4518,9559,28.990187,0,0,11,0,0,33313,631,1700,2741887,16,185,30,1,27533,1,110,1,1950180,1,443816,1,106515,1,208993,1,4709,1,32382,1,5521,4,50,4,64975,4,992,4,1944,8,0,0,1236,132,20,1,77029,1,872,1,2274,1,17925,2,4378,1,402847,1,18345,1,4569,1,0,0,0,0,0,0,0,0,0,1,0,1,9559,1,4518,1,17050,1,9559,1,48,1,0,0,0,0,0,0,0,1,5041,1,4518,1
646,2769800,4518,9559,28.990187,0,0,11,0,0,32793,792,1610,2737007,16,185,40,1,26030,1,40,1,1953447,1,440429,1,105784,1,206458,1,4779,1,32332,1,5601,4,40,4,65316,4,972,4,1864,8,0,0,1226,132,20,1,74263,1,872,1,2214,1,17754,2,4419,1,398889,1,21491,1,4629,1,0,0,0,0,0,0,0,0,0,1,0,1,9559,1,4518,1,17050,1,9559,1,48,1,0,0,0,0,0,0,0,1,5041,1,4518,1
647,2763400,4518,9559,28.990187,0,0,11,0,0,30010,791,1609,2733390,16,185,30,1,26361,1,90,1,1949579,1,438355,1,106265,1,207911,1,4799,1,32563,1,5641,4,31,4,65005,4,982,4,1884,8,0,0,1257,132,20,1,76047,1,862,1,2234,1,17363,2,4489,1,397506,1,28194,1,3286,1,0,0,0,0,0,0,0,0,0,1,0,1,9559,1,4518,1,17050,1,9559,1,48,1,0,0,0,0,0,0,0,1,5041,1,4518,1
648,2769300,4518,9559,28.990187,0,0,11,0,0,32182,791,1680,2737118,16,185,10,1,27523,1,20,1,1948768,1,442323,1,106786,1,206949,1,4739,1,32683,1,5641,4,50,4,65216,4,1012,4,1884,8,0,0,1216,132,30,1,74574,1,862,1,2234,1,17524,2,4449,1,399901,1,29367,1,3306,1,0,0,0,0,0,0,0,0,0,1,0,1,9559,1,4518,1,17050,1,9559,1,48,1,0,0,0,0,0,0,0,1,5041,1,4518,1
649,2800300,4518,9559,28.990187,0,0,11,0,0,35369,842,1599,2764931,16,185,110,1,27974,1,40,1,1966051,1,445820,1,109852,1,210336,1,4749,1,31972,1,5551,4,90,4,64394,4,1413,4,1834,8,0,0,1647,132,30,1,77519,1,842,1,2274,1,19047,2,4529,1,406293,1,16842,1,3226,1,0,0,0,0,0,0,0,0,0,1,0,1,9559,1,4518,1,17050,1,9559,1,48,1,0,0,0,0,0,0,0,1,5041,1,4518,1
650,2803600,4518,9559,28.990187,0,0,11,0,0,33098,812,1611,2770502,16,185,40,1,33364,1,60,1,1981511,1,440800,1,103880,1,206087,1,4759,1,31952,1,5570,4,40,4,64595,4,962,4,1954,8,0,0,1305,132,30,1,74343,1,862,1,2194,1,18385,2,4388,1,401234,1,23465,1,5651,1,0,0,0,0,0,0,0,0,0,1,0,1,9559,1,4518,1,17050,1,9559,1,48,1,0,0,0,0,0,0,0,1,5041,1,4518,1
651,2762200,4518,9559,28.990187,0,0,11,0,0,30623,712,1630,2731577,16,185,50,1,25840,1,90,1,1939049,1,446571,1,106245,1,208983,1,4749,1,32483,1,5581,4,40,4,65106,4,982,4,1914,8,0,0,1265,132,20,1,76548,1,862,1,2274,1,17995,2,4469,1,407596,1,26541,1,3306,1,0,0,0,0,0,0,0,0,0,1,0,1,9559,1,4518,1,17050,1,9559,1,48,1,0,0,0,0,0,0,0,1,5041,1,4518,1
652,2754800,4518,9559,28.990187,0,0,11,0,0,29515,701,1622,2725285,16,185,20,1,27423,1,40,1,1949840,1,430069,1,106325,1,206849,1,4719,1,32493,1,5571,4,40,4,65146,4,1002,4,1964,8,0,0,1344,132,10,1,74484,1,872,1,2234,1,17925,2,4409,1,399120,1,17854,1,3266,1,0,0,0,0,0,0,0,0,0,1,0,1,9559,1,4518,1,17050,1,9559,1,48,1,0,0,0,0,0,0,0,1,5041,1,4518,1
653,3006600,4518,9559,28.990187,0,0,11,0,0,41723,992,1637,2964877,16,185,200,1,43624,1,80,1,2112443,1,481248,1,113108,1,209454,1,4719,1,31671,1,5501,4,60,4,64615,4,1563,4,1824,8,0,0,1749,132,30,1,77129,1,852,1,2244,1,18486,2,4489,1,438215,1,27814,1,3306,1,0,0,0,0,0,0,0,0,0,1,0,1,9559,1,4518,1,17050,1,9559,1,48,1,0,0,0,0,0,0,0,1,5041,1,4518,1
654,2911200,4518,9559,28.990187,0,0,11,0,0,30245,701,1562,2880955,16,185,50,1,31972,1,40,1,2089699,1,442774,1,105844,1,205877,1,4699,1,32352,1,5571,4,40,4,64665,4,962,4,1884,8,0,0,1284,132,20,1,74043,1,862,1,2274,1,18055,2,4449,1,401234,1,28505,1,3316,1,0,0,0,0,0,0,0,0,0,1,0,1,9559,1,4518,1,17050,1,9559,1,48,1,0,0,0,0,0,0,0,1,5041,1,4518,1
655,2750300,4518,9559,28.990187,0,0,11,0,0,29404,1042,1670,2720896,16,185,60,1,27333,1,90,1,1944610,1,424038,1,105123,1,214985,1,4659,1,32473,1,6372,4,40,4,65747,4,1052,4,2064,8,0,0,1446,132,531,1,79503,1,862,1,2214,1,18616,2,4469,1,378179,1,22854,1,3266,1,0,0,0,0,0,0,0,0,0,1,0,1,9559,1,4518,1,17050,1,9559,1,48,1,0,0,0,0,0,0,0,1,5041,1,4518,1
656,2758000,4518,9559,28.990187,0,0,11,0,0,31252,742,1630,2726748,16,185,10,1,27253,1,60,1,1948928,1,433366,1,105584,1,206779,1,4769,1,32583,1,5591,4,40,4,65075,4,1002,4,1884,8,0,0,1255,132,10,1,74454,1,862,1,2254,1,17864,2,4419,1,401394,1,18856,1,3256,1,0,0,0,0,0,0,0,0,0,1,0,1,9559,1,4518,1,17050,1,9559,1,48,1,0,0,0,0,0,0,0,1,5041,1,4518,1
657,2770700,4518,9559,28.990187,0,0,11,0,0,30026,711,1660,2740674,16,185,130,1,26271,1,90,1,1949950,1,444978,1,105864,1,208632,1,4759,1,32463,1,5601,4,40,4,65075,4,1002,4,1894,8,0,0,1236,132,20,1,76538,1,862,1,2234,1,17704,2,4489,1,413297,1,18456,1,3276,1,0,0,0,0,0,0,0,0,0,1,0,1,9559,1,4518,1,17050,1,9559,1,48,1,0,0,0,0,0,0,0,1,5041,1,4518,1
658,2762200,4518,9559,28.990187,0,0,11,0,0,30162,721,1570,2732038,16,185,10,1,27613,1,60,1,1949349,1,438826,1,105173,1,206238,1,4769,1,32362,1,5601,4,21,4,65035,4,1002,4,1854,8,0,0,1286,132,30,1,74594,1,862,1,2224,1,17614,2,4318,1,407636,1,18105,1,3266,1,0,0,0,0,0,0,0,0,0,1,0,1,9559,1,4518,1,17050,1,9559,1,48,1,0,0,0,0,0,0,0,1,5041,1,4518,1
659,2766300,4518,9559,28.990187,0,0,11,0,0,30615,791,1619,2735685,16,185,20,1,27473,1,40,1,1956743,1,431933,1,106215,1,208492,1,4769,1,32453,1,5551,4,21,4,65055,4,982,4,1903,8,0,0,1266,132,30,1,76407,1,862,1,2234,1,17784,2,4419,1,395683,1,23155,1,3316,1,0,0,0,0,0,0,0,0,0,1,0,1,9559,1,4518,1,17050,1,9559,1,48,1,0,0,0,0,0,0,0,1,5041,1,4518,1
660,2774800,4518,9559,28.990187,0,0,11,0,0,31651,711,1601,2743149,16,185,50,1,27363,1,50,1,1955400,1,442633,1,106125,1,206789,1,4739,1,32102,1,5992,4,30,4,65025,4,992,4,1864,8,0,0,1255,132,20,1,74504,1,862,1,2545,1,17604,2,4539,1,407095,1,23095,1,3296,1,0,0,0,0,0,0,0,0,0,1,0,1,9559,1,4518,1,17050,1,9559,1,48,1,0,0,0,0,0,0,0,1,5041,1,4518,1
661,2809500,4518,9559,28.990187,0,0,11,0,0,35962,702,1551,2773538,16,185,50,1,26862,1,50,1,1971191,1,447262,1,112567,1,210786,1,4769,1,32322,1,5641,4,40,4,65266,4,972,4,1874,8,0,0,1294,132,40,1,78271,1,862,1,2485,1,17784,2,4529,1,414459,1,17644,1,3266,1,0,0,0,0,0,0,0,0,0,1,0,1,9559,1,4518,1,17050,1,9559,1,48,1,0,0,0,0,0,0,0,1,5041,1,4518,1
662,2768300,4518,9559,28.990187,0,0,11,0,0,33467,741,1582,2734833,16,185,20,1,25890,1,100,1,1950080,1,438936,1,107998,1,207069,1,4739,1,32262,1,5561,4,40,4,65075,4,952,4,1924,8,0,0,1295,132,10,1,74904,1,862,1,2445,1,17925,2,4368,1,386155,1,38384,1,3266,1,0,0,0,0,0,0,0,0,0,1,0,1,9559,1,4518,1,17050,1,9559,1,48,1,0,0,0,0,0,0,0,1,5041,1,4518,1
663,2764200,4518,9559,28.990187,0,0,11,0,0,30218,741,1630,2733982,16,185,20,1,26291,1,110,1,1949850,1,436983,1,106666,1,209324,1,4739,1,32743,1,5621,4,50,4,65106,4,1072,4,1864,8,0,0,1306,132,20,1,76958,1,862,1,2274,1,17694,2,4318,1,403167,1,19688,1,4378,1,0,0,0,0,0,0,0,0,0,1,0,1,9559,1,4518,1,17050,1,9559,1,48,1,0,0,0,0,0,0,0,1,5041,1,4518,1
664,2765800,4518,9559,28.990187,0,0,11,0,0,30536,761,1737,2735264,16,185,10,1,27293,1,50,1,1954278,1,436341,1,105864,1,206648,1,4779,1,32643,1,5581,4,40,4,65045,4,992,4,1914,8,0,0,1169,132,50,1,74484,1,872,1,2224,1,17684,2,4358,1,396635,1,27453,1,3266,1,0,0,0,0,0,0,0,0,0,1,0,1,9559,1,4518,1,17050,1,9559,1,48,1,0,0,0,0,0,0,0,1,5041,1,4518,1
665,2767400,4518,9559,28.990187,0,0,11,0,0,38869,733,1611,2728531,16,185,10,1,27804,1,40,1,1950050,1,431131,1,105393,1,209364,1,4739,1,32653,1,5550,4,40,4,65065,4,1022,4,2284,8,0,0,1695,132,20,1,76678,1,862,1,2304,1,17784,2,4368,1,390583,1,17935,1,4368,1,0,0,0,0,0,0,0,0,0,1,0,1,9559,1,4518,1,17050,1,9559,1,48,1,0,0,0,0,0,0,0,1,5041,1,4518,1
666,3053700,4518,9559,28.990187,0,0,11,0,0,44974,1052,2044,3008726,16,185,140,1,37813,1,40,1,2083357,1,443109,1,139609,1,298666,1,5992,1,51840,1,11362,4,90,4,87449,4,1373,4,2355,8,0,0,1683,132,30,1,108219,1,1092,1,2926,1,23024,2,7855,1,395558,1,30248,1,4098,1,0,0,0,0,0,0,0,0,0,1,0,1,9559,1,4518,1,17050,1,9559,1,48,1,0,0,0,0,0,0,0,1,5041,1,4518,1
667,2793600,4518,9559,28.990187,0,0,11,0,0,30142,761,1639,2763458,16,185,90,1,30108,1,80,1,1970059,1,446100,1,104872,1,207470,1,4679,1,32192,1,5531,4,40,4,64695,4,972,4,1884,8,0,0,1217,132,20,1,76217,1,862,1,2284,1,17714,2,4298,1,415181,1,17764,1,3266,1,0,0,0,0,0,0,0,0,0,1,0,1,9559,1,4518,1,17050,1,9559,1,48,1,0,0,0,0,0,0,0,1,5041,1,4518,1
668,2752100,4518,9559,28.990187,0,0,11,0,0,28929,661,1591,2723171,16,185,40,1,26782,1,30,1,1944279,1,435830,1,105594,1,205907,1,4709,1,32202,1,5601,4,40,4,64724,4,982,4,1894,8,0,0,1285,132,20,1,74153,1,852,1,2355,1,18005,2,4419,1,404961,1,17774,1,4358,1,0,0,0,0,0,0,0,0,0,1,0,1,9559,1,4518,1,17050,1,9559,1,48,1,0,0,0,0,0,0,0,1,5041,1,4518,1
669,2780800,4518,9559,28.990187,0,0,11,0,0,30948,741,1719,2749852,16,185,30,1,27383,1,30,1,1949429,1,453434,1,106085,1,208712,1,4749,1,32423,1,5591,4,30,4,65045,4,982,4,1954,8,0,0,1216,132,30,1,76357,1,852,1,2234,1,18035,2,4439,1,408387,1,31050,1,3457,1,0,0,0,0,0,0,0,0,0,1,0,1,9559,1,4518,1,17050,1,9559,1,48,1,0,0,0,0,0,0,0,1,5041,1,4518,1
670,2893900,4518,9559,28.990187,0,0,11,0,0,31451,842,1522,2862449,16,185,200,1,33635,1,80,1,2022920,1,482961,1,111465,1,206438,1,4749,1,32162,1,5510,4,70,4,64164,4,1442,4,1834,8,0,0,1754,132,30,1,74243,1,872,1,2244,1,18526,2,4499,1,436732,1,29457,1,4388,1,0,0,0,0,0,0,0,0,0,1,0,1,9559,1,4518,1,17050,1,9559,1,48,1,0,0,0,0,0,0,0,1,5041,1,4518,1
671,2868400,4518,9559,28.990187,0,0,11,0,0,29927,741,1571,2838473,16,185,60,1,32723,1,100,1,2033581,1,452653,1,105814,1,208793,1,4749,1,32232,1,5541,4,30,4,64595,4,972,4,1864,8,0,0,1265,132,20,1,76427,1,862,1,2324,1,18916,2,4268,1,405812,1,33845,1,3246,1,0,0,0,0,0,0,0,0,0,1,0,1,9559,1,4518,1,17050,1,9559,1,48,1,0,0,0,0,0,0,0,1,5041,1,4518,1
672,2760100,4518,9559,28.990187,0,0,11,0,0,29114,712,1659,2730986,16,185,60,1,27393,1,120,1,1946223,1,442173,1,104512,1,205837,1,4669,1,32483,1,5551,4,30,4,64744,4,1012,4,1863,8,0,0,1217,132,20,1,74163,1,872,1,2264,1,17594,2,4529,1,410942,1,18005,1,3306,1,0,0,0,0,0,0,0,0,0,1,0,1,9559,1,4518,1,17050,1,9559,1,48,1,0,0,0,0,0,0,0,1,5041,1,4518,1
673,2765400,4518,9559,28.990187,0,0,11,0,0,29896,801,1719,2735504,16,185,30,1,27212,1,30,1,1951473,1,437313,1,106004,1,208722,1,4719,1,32342,1,5741,4,40,4,65226,4,1022,4,1864,8,0,0,1167,132,30,1,76287,1,872,1,2234,1,17824,2,4439,1,398228,1,26722,1,3296,1,0,0,0,0,0,0,0,0,0,1,0,1,9559,1,4518,1,17050,1,9559,1,48,1,0,0,0,0,0,0,0,1,5041,1,4518,1
674,2771100,4518,9559,28.990187,0,0,11,0,0,29293,741,1659,2741807,16,185,50,1,26691,1,30,1,1955080,1,443555,1,105283,1,206398,1,4719,1,32252,1,5611,4,30,4,65176,4,962,4,1914,8,0,0,1217,132,20,1,74353,1,862,1,2244,1,17854,2,4378,1,411624,1,18886,1,3276,1,0,0,0,0,0,0,0,0,0,1,0,1,9559,1,4518,1,17050,1,9559,1,48,1,0,0,0,0,0,0,0,1,5041,1,4518,1
675,2761000,4518,9559,28.990187,0,0,11,0,0,32900,712,1621,2728100,16,185,10,1,27152,1,30,1,1949739,1,433305,1,104762,1,208332,1,4769,1,32092,1,5651,4,50,4,65296,4,1012,4,1874,8,0,0,1265,132,20,1,76427,1,872,1,2254,1,17574,2,4499,1,398548,1,22914,1,3296,1,0,0,0,0,0,0,0,0,0,1,0,1,9559,1,4518,1,17050,1,9559,1,48,1,0,0,0,0,0,0,0,1,5041,1,4518,1
676,2762600,4518,9559,28.990187,0,0,11,0,0,30682,741,1598,2731918,16,185,40,1,26120,1,30,1,1948768,1,440459,1,104451,1,207290,1,4759,1,32623,1,5601,4,21,4,65015,4,972,4,1844,8,0,0,1217,132,20,1,74714,1,862,1,2535,1,17965,2,4378,1,399901,1,28685,1,3256,1,0,0,0,0,0,0,0,0,0,1,0,1,9559,1,4518,1,17050,1,9559,1,48,1,0,0,0,0,0,0,0,1,5041,1,4518,1
677,2776200,4518,9559,28.990187,0,0,11,0,0,30957,671,1702,2745243,16,185,20,1,27072,1,50,1,1959288,1,439718,1,105423,1,208963,1,4709,1,32312,1,5511,4,40,4,64915,4,1102,4,1924,8,0,0,1324,132,20,1,76818,1,872,1,2505,1,17774,2,4499,1,408468,1,17033,1,3296,1,0,0,0,0,0,0,0,0,0,1,0,1,9559,1,4518,1,17050,1,9559,1,48,1,0,0,0,0,0,0,0,1,5041,1,4518,1
678,2814700,4518,9559,28.990187,0,0,11,0,0,32756,722,1542,2781944,16,185,20,1,27313,1,60,1,1949559,1,476369,1,111745,1,212139,1,4739,1,37953,1,5621,4,50,4,65106,4,972,4,1864,8,0,0,1294,132,20,1,74524,1,862,1,2264,1,17794,2,4388,1,435981,1,28184,1,3256,1,0,0,0,0,0,0,0,0,0,1,0,1,9559,1,4518,1,17050,1,9559,1,48,1,0,0,0,0,0,0,0,1,5041,1,4518,1
679,2760100,4518,9559,28.990187,0,0,11,0,0,31779,711,1609,2728321,16,185,10,1,25790,1,80,1,1949789,1,434618,1,104982,1,208272,1,4779,1,32162,1,5561,4,50,4,65106,4,972,4,1864,8,0,0,1226,132,10,1,76648,1,862,1,2264,1,17634,2,4429,1,394370,1,27994,1,3276,1,0,0,0,0,0,0,0,0,0,1,0,1,9559,1,4518,1,17050,1,9559,1,48,1,0,0,0,0,0,0,0,1,5041,1,4518,1
680,2761100,4518,9559,28.990187,0,0,11,0,0,29223,641,1600,2731877,16,185,20,1,27303,1,60,1,1949489,1,439327,1,104471,1,206488,1,4719,1,32262,1,5641,4,30,4,65035,4,962,4,1874,8,0,0,1236,132,20,1,74524,1,862,1,2304,1,17985,2,4348,1,398869,1,27192,1,3296,1,0,0,0,0,0,0,0,0,0,1,0,1,9559,1,4518,1,17050,1,9559,1,48,1,0,0,0,0,0,0,0,1,5041,1,4518,1
681,2777800,4518,9559,28.990187,0,0,11,0,0,29731,761,1572,2748069,16,185,20,1,27533,1,70,1,1954699,1,446621,1,105864,1,208492,1,4769,1,32633,1,5581,4,40,4,65055,4,1052,4,1834,8,0,0,1313,132,20,1,76437,1,862,1,2234,1,17444,2,4539,1,406534,1,21622,1,3577,1,0,0,0,0,0,0,0,0,0,1,0,1,9559,1,4518,1,17050,1,9559,1,48,1,0,0,0,0,0,0,0,1,5041,1,4518,1
682,2766700,4518,9559,28.990187,0,0,11,0,0,38810,751,1609,2727890,16,185,20,1,27523,1,20,1,1954509,1,429308,1,105664,1,206127,1,4719,1,32092,1,5601,4,50,4,64905,4,952,4,1844,8,0,0,1187,132,30,1,74434,1,872,1,2294,1,17925,2,4378,1,398418,1,18796,1,3266,1,0,0,0,0,0,0,0,0,0,1,0,1,9559,1,4518,1,17050,1,9559,1,48,1,0,0,0,0,0,0,0,1,5041,1,4518,1
683,2918000,4518,9559,28.990187,0,0,11,0,0,43798,942,2051,2874202,16,185,80,1,35358,1,60,1,2061615,1,449276,1,111595,1,211438,1,4779,1,32713,1,5541,4,50,4,64885,4,1052,4,2374,8,0,0,1375,132,30,1,78281,1,932,1,2304,1,17814,2,4519,1,418697,1,16692,1,3266,1,0,0,0,0,0,0,0,0,0,1,0,1,9559,1,4518,1,17050,1,9559,1,48,1,0,0,0,0,0,0,0,1,5041,1,4518,1
684,2898800,4518,9559,28.990187,0,0,11,0,0,30389,751,1551,2868411,16,185,50,1,33294,1,60,1,2082225,1,434798,1,105874,1,207380,1,4729,1,32092,1,5541,4,21,4,64745,4,972,4,1864,8,0,0,1284,132,20,1,74864,1,862,1,2254,1,19017,2,4378,1,395102,1,25058,1,4579,1,0,0,0,0,0,0,0,0,0,1,0,1,9559,1,4518,1,17050,1,9559,1,48,1,0,0,0,0,0,0,0,1,5041,1,4518,1
685,2763700,4518,9559,28.990187,0,0,11,0,0,33796,701,1610,2729904,16,185,40,1,27052,1,60,1,1945040,1,440119,1,104572,1,208292,1,4729,1,32453,1,5551,4,40,4,65025,4,982,4,1874,8,0,0,1245,132,20,1,76477,1,862,1,2234,1,17704,2,4368,1,400622,1,27483,1,3296,1,0,0,0,0,0,0,0,0,0,1,0,1,9559,1,4518,1,17050,1,9559,1,48,1,0,0,0,0,0,0,0,1,5041,1,4518,1
686,2765500,4518,9559,28.990187,0,0,11,0,0,30557,701,1648,2734943,16,185,50,1,24648,1,20,1,1955290,1,438586,1,105323,1,206308,1,4719,1,32152,1,5571,4,40,4,65136,4,962,4,1864,8,0,0,1178,132,20,1,74604,1,862,1,2234,1,17794,2,4368,1,397116,1,29557,1,3326,1,0,0,0,0,0,0,0,0,0,1,0,1,9559,1,4518,1,17050,1,9559,1,48,1,0,0,0,0,0,0,0,1,5041,1,4518,1
687,2807100,4518,9559,28.990187,0,0,11,0,0,29414,882,1561,2777686,16,185,150,1,27894,1,70,1,1980429,1,443485,1,110663,1,210275,1,4719,1,33475,1,5471,4,70,4,64164,4,1573,4,1824,8,0,0,1836,132,20,1,76477,1,842,1,2254,1,18776,2,4449,1,411544,1,18315,1,3256,1,0,0,0,0,0,0,0,0,0,1,0,1,9559,1,4518,1,17050,1,9559,1,48,1,0,0,0,0,0,0,0,1,5041,1,4518,1
688,2824500,4518,9559,28.990187,0,0,11,0,0,32246,741,1570,2792254,16,185,50,1,32974,1,50,1,2008292,1,432774,1,106515,1,206889,1,4709,1,32262,1,5581,4,40,4,64684,4,942,4,1884,8,0,0,1256,132,20,1,74253,1,862,1,2254,1,18916,2,4449,1,391996,1,19007,1,4719,1,0,0,0,0,0,0,0,0,0,1,0,1,9559,1,4518,1,17050,1,9559,1,48,1,0,0,0,0,0,0,0,1,5041,1,4518,1
689,2772600,4518,9559,28.990187,0,0,11,0,0,29341,662,1619,2743259,16,185,50,1,24437,1,50,1,1948457,1,451981,1,105594,1,208021,1,4669,1,32533,1,5641,4,40,4,64785,4,962,4,1874,8,0,0,1216,132,20,1,76217,1,862,1,2244,1,17704,2,4479,1,422174,1,16762,1,3246,1,0,0,0,0,0,0,0,0,0,1,0,1,9559,1,4518,1,17050,1,9559,1,48,1,0,0,0,0,0,0,0,1,5041,1,4518,1
690,2760400,4518,9559,28.990187,0,0,11,0,0,30035,751,1640,2730365,16,185,30,1,26451,1,20,1,1947215,1,439618,1,105964,1,206338,1,4729,1,32252,1,5581,4,30,4,65085,4,992,4,1894,8,0,0,1245,132,20,1,74243,1,862,1,2355,1,17854,2,4419,1,394421,1,33264,1,3266,1,0,0,0,0,0,0,0,0,0,1,0,1,9559,1,4518,1,17050,1,9559,1,48,1,0,0,0,0,0,0,0,1,5041,1,4518,1
691,2768100,4518,9559,28.990187,0,0,11,0,0,31133,861,1629,2736967,16,185,40,1,26701,1,110,1,1949439,1,437133,1,110463,1,208352,1,4729,1,32272,1,5561,4,40,4,65216,4,993,4,1864,8,0,0,1227,132,20,1,76407,1,862,1,2234,1,17654,2,4368,1,405682,1,18325,1,3276,1,0,0,0,0,0,0,0,0,0,1,0,1,9559,1,4518,1,17050,1,9559,1,48,1,0,0,0,0,0,0,0,1,5041,1,4518,1
692,2781800,4518,9559,28.990187,0,0,11,0,0,29714,762,1561,2752086,16,185,20,1,26060,1,40,1,1949649,1,459897,1,105323,1,206348,1,4749,1,32242,1,5571,4,40,4,65085,4,972,4,1854,8,0,0,1265,132,30,1,74804,1,852,1,2244,1,17493,2,4398,1,428176,1,18676,1,3286,1,0,0,0,0,0,0,0,0,0,1,0,1,9559,1,4518,1,17050,1,9559,1,48,1,0,0,0,0,0,0,0,1,5041,1,4518,1
693,2766400,4518,9559,28.990187,0,0,11,0,0,30254,692,1600,2736146,16,185,40,1,26601,1,60,1,1950080,1,440640,1,105273,1,208712,1,4739,1,32382,1,5601,4,30,4,64995,4,1022,4,1864,8,0,0,1285,132,20,1,76688,1,852,1,2294,1,17854,2,4419,1,410311,1,18456,1,3316,1,0,0,0,0,0,0,0,0,0,1,0,1,9559,1,4518,1,17050,1,9559,1,48,1,0,0,0,0,0,0,0,1,5041,1,4518,1
694,2768700,4518,9559,28.990187,0,0,11,0,0,29939,721,1660,2738761,16,185,20,1,26481,1,40,1,1955801,1,440299,1,105093,1,206248,1,4779,1,32072,1,5621,4,30,4,65085,4,982,4,1904,8,0,0,1226,132,20,1,74674,1,872,1,2284,1,17654,2,4328,1,399991,1,27112,1,3266,1,0,0,0,0,0,0,0,0,0,1,0,1,9559,1,4518,1,17050,1,9559,1,48,1,0,0,0,0,0,0,0,1,5041,1,4518,1
695,2772400,4518,9559,28.990187,0,0,11,0,0,38509,681,1668,2733891,16,185,20,1,26431,1,40,1,1949759,1,438075,1,105754,1,209073,1,4739,1,32332,1,5631,4,30,4,65126,4,1042,4,1844,8,0,0,1218,132,10,1,76848,1,862,1,2254,1,18055,2,4358,1,407967,1,18205,1,3256,1,0,0,0,0,0,0,0,0,0,1,0,1,9559,1,4518,1,17050,1,9559,1,48,1,0,0,0,0,0,0,0,1,5041,1,4518,1
696,2915400,4518,9559,28.990187,0,0,11,0,0,46699,881,1589,2868701,16,185,110,1,35138,1,20,1,2059842,1,448775,1,110413,1,209704,1,4699,1,33014,1,5591,4,41,4,64735,4,1022,4,1813,8,0,0,1247,132,50,1,75355,1,882,1,2956,1,18947,2,4419,1,400251,1,35068,1,3256,1,0,0,0,0,0,0,0,0,0,1,0,1,9559,1,4518,1,17050,1,9559,1,48,1,0,0,0,0,0,0,0,1,5041,1,4518,1
697,2988600,4518,9559,28.990187,0,0,11,0,0,35020,892,1994,2953580,16,185,100,1,33284,1,90,1,2081123,1,444642,1,129820,1,258709,1,5811,1,39416,1,8126,4,50,4,80365,4,1242,4,2284,8,0,0,1533,132,20,1,94452,1,1062,1,2805,1,21992,2,6002,1,400317,1,29487,1,4048,1,0,0,0,0,0,0,0,0,0,1,0,1,9559,1,4518,1,17050,1,9559,1,48,1,0,0,0,0,0,0,0,1,5041,1,4518,1
698,2890100,4518,9559,28.990187,0,0,11,0,0,32460,732,1561,2857640,16,185,60,1,31511,1,70,1,2062707,1,446972,1,105974,1,205606,1,4739,1,32332,1,5590,4,40,4,64695,4,982,4,1844,8,0,0,1264,132,10,1,73973,1,862,1,2224,1,17884,2,4439,1,395322,1,39546,1,3296,1,0,0,0,0,0,0,0,0,0,1,0,1,9559,1,4518,1,17050,1,9559,1,48,1,0,0,0,0,0,0,0,1,5041,1,4518,1
699,2759600,4518,9559,28.990187,0,0,11,0,0,33193,692,1630,2726407,16,185,40,1,24397,1,120,1,1944720,1,439237,1,105473,1,207710,1,4709,1,32322,1,5571,4,40,4,64885,4,1012,4,1834,8,0,0,1216,132,20,1,75916,1,862,1,2234,1,17995,2,4328,1,397587,1,28124,1,3276,1,0,0,0,0,0,0,0,0,0,1,0,1,9559,1,4518,1,17050,1,9559,1,48,1,0,0,0,0,0,0,0,1,5041,1,4518,1
700,2792400,4518,9559,28.990187,0,0,11,0,0,31897,732,1511,2760503,16,185,40,1,25760,1,30,1,1991269,1,420972,1,112176,1,205596,1,4659,1,31932,1,5590,4,50,4,64794,4,952,4,1824,8,0,0,1264,132,40,1,74474,1,852,1,2385,1,17404,2,4569,1,373791,1,34106,1,3256,1,0,0,0,0,0,0,0,0,0,1,0,1,9559,1,4518,1,17050,1,9559,1,48,1,0,0,0,0,0,0,0,1,5041,1,4518,1
701,2807900,4518,9559,28.990187,0,0,11,0,0,30575,751,1659,2777325,16,185,40,1,32653,1,70,1,1977944,1,446060,1,106455,1,209344,1,4759,1,32282,1,5541,4,40,4,64655,4,982,4,1904,8,0,0,1226,132,20,1,76377,1,852,1,2435,1,19097,2,4409,1,399761,1,29146,1,4649,1,0,0,0,0,0,0,0,0,0,1,0,1,9559,1,4518,1,17050,1,9559,1,48,1,0,0,0,0,0,0,0,1,5041,1,4518,1
702,2752500,4518,9559,28.990187,0,0,11,0,0,29379,752,1611,2723121,16,185,40,1,26381,1,40,1,1944760,1,435440,1,106315,1,205436,1,4709,1,31912,1,5511,4,40,4,64715,4,1022,4,1873,8,0,0,1284,132,20,1,74043,1,862,1,2505,1,17844,2,4338,1,403197,1,18486,1,3286,1,0,0,0,0,0,0,0,0,0,1,0,1,9559,1,4518,1,17050,1,9559,1,48,1,0,0,0,0,0,0,0,1,5041,1,4518,1
703,2759100,4518,9559,28.990187,0,0,11,0,0,28535,682,1678,2730565,16,185,70,1,26211,1,40,1,1947134,1,437203,1,106165,1,208993,1,4749,1,32783,1,5661,4,40,4,65045,4,982,4,1894,8,0,0,1197,132,20,1,76538,1,872,1,2274,1,17764,2,4439,1,405512,1,18466,1,3296,1,0,0,0,0,0,0,0,0,0,1,0,1,9559,1,4518,1,17050,1,9559,1,48,1,0,0,0,0,0,0,0,1,5041,1,4518,1
704,2770000,4518,9559,28.990187,0,0,11,0,0,31500,802,1543,2738500,16,185,40,1,26681,1,100,1,1955981,1,439608,1,104662,1,206658,1,4769,1,32392,1,5601,4,30,4,65075,4,992,4,1864,8,0,0,1313,132,20,1,74694,1,862,1,2224,1,17684,2,4419,1,409510,1,18185,1,3286,1,0,0,0,0,0,0,0,0,0,1,0,1,9559,1,4518,1,17050,1,9559,1,48,1,0,0,0,0,0,0,0,1,5041,1,4518,1
705,2771700,4518,9559,28.990187,0,0,11,0,0,29923,781,1630,2741777,16,185,60,1,26030,1,60,1,1949810,1,432935,1,106495,1,221617,1,4769,1,36681,1,5651,4,30,4,65326,4,1002,4,1844,8,0,0,1216,132,10,1,76648,1,872,1,2224,1,26160,2,4388,1,401434,1,18385,1,3326,1,0,0,0,0,0,0,0,0,0,1,0,1,9559,1,4518,1,17050,1,9559,1,48,1,0,0,0,0,0,0,0,1,5041,1,4518,1
706,2768400,4518,9559,28.990187,0,0,11,0,0,34469,852,1651,2733931,16,185,30,1,25710,1,40,1,1949920,1,440179,1,106756,1,206578,1,4719,1,32332,1,5601,4,50,4,65256,4,1042,4,1864,8,0,0,1255,132,20,1,74534,1,872,1,2254,1,17494,2,4409,1,409179,1,17654,1,3316,1,0,0,0,0,0,0,0,0,0,1,0,1,9559,1,4518,1,17050,1,9559,1,48,1,0,0,0,0,0,0,0,1,5041,1,4518,1
707,2779800,4518,9559,28.990187,0,0,11,0,0,33565,851,1643,2746235,16,185,20,1,26020,1,20,1,1949980,1,449998,1,106505,1,208943,1,4749,1,32573,1,5601,4,21,4,64925,4,1012,4,1934,8,0,0,1303,132,10,1,76548,1,862,1,2214,1,17975,2,4419,1,400953,1,35759,1,3266,1,0,0,0,0,0,0,0,0,0,1,0,1,9559,1,4518,1,17050,1,9559,1,48,1,0,0,0,0,0,0,0,1,5041,1,4518,1
708,2778700,4518,9559,28.990187,0,0,11,0,0,34058,771,1521,2744642,16,185,40,1,26221,1,110,1,1955621,1,444457,1,107026,1,206448,1,4719,1,31952,1,5641,4,30,4,65055,4,962,4,1854,8,0,0,1295,132,20,1,74774,1,862,1,2314,1,17895,2,4318,1,402606,1,28755,1,3276,1,0,0,0,0,0,0,0,0,0,1,0,1,9559,1,4518,1,17050,1,9559,1,48,1,0,0,0,0,0,0,0,1,5041,1,4518,1
709,3000800,4518,9559,28.990187,0,0,11,0,0,43508,1112,2024,2957292,16,185,110,1,33735,1,40,1,2069941,1,445519,1,139629,1,262396,1,5921,1,40177,1,6903,4,70,4,80776,4,1303,4,2314,8,0,0,1593,132,50,1,97187,1,1152,1,2926,1,22794,2,5631,1,408227,1,19768,1,4098,1,0,0,0,0,0,0,0,0,0,1,0,1,9559,1,4518,1,17050,1,9559,1,48,1,0,0,0,0,0,0,0,1,5041,1,4518,1
710,2866500,4518,9559,28.990187,0,0,11,0,0,30923,711,1648,2835577,16,185,40,1,31631,1,50,1,2050604,1,437614,1,106255,1,204675,1,4709,1,31651,1,5581,4,21,4,64815,4,982,4,1864,8,0,0,1197,132,20,1,73953,1,862,1,2304,1,17444,2,4469,1,397156,1,27082,1,3296,1,0,0,0,0,0,0,0,0,0,1,0,1,9559,1,4518,1,17050,1,9559,1,48,1,0,0,0,0,0,0,0,1,5041,1,4518,1
711,2749900,4518,9559,28.990187,0,0,11,0,0,32641,721,1541,2717259,16,185,50,1,26261,1,40,1,1946824,1,425821,1,104391,1,209123,1,4749,1,32863,1,5581,4,40,4,64795,4,972,4,1884,8,0,0,1315,132,10,1,76518,1,862,1,2244,1,18055,2,4579,1,380924,1,32863,1,3266,1,0,0,0,0,0,0,0,0,0,1,0,1,9559,1,4518,1,17050,1,9559,1,48,1,0,0,0,0,0,0,0,1,5041,1,4518,1
712,2762700,4518,9559,28.990187,0,0,11,0,0,31614,711,1602,2731086,16,185,50,1,26120,1,30,1,1949729,1,438666,1,104512,1,207220,1,4759,1,32392,1,5621,4,30,4,65075,4,1032,4,1884,8,0,0,1314,132,10,1,74674,1,862,1,2335,1,18035,2,4559,1,398448,1,28174,1,3306,1,0,0,0,0,0,0,0,0,0,1,0,1,9559,1,4518,1,17050,1,9559,1,48,1,0,0,0,0,0,0,0,1,5041,1,4518,1
713,2830900,4518,9559,28.990187,0,0,11,0,0,32695,1062,1531,2798205,16,185,180,1,31711,1,60,1,1995518,1,444056,1,111916,1,210015,1,4749,1,31701,1,5461,4,60,4,64394,4,972,4,2395,8,0,0,1836,132,30,1,77029,1,862,1,2264,1,19347,2,4439,1,410772,1,18466,1,3266,1,0,0,0,0,0,0,0,0,0,1,0,1,9559,1,4518,1,17050,1,9559,1,48,1,0,0,0,0,0,0,0,1,5041,1,4518,1
714,2837600,4518,9559,28.990187,0,0,11,0,0,30227,772,1619,2807373,16,185,50,1,32412,1,80,1,2014204,1,443365,1,104702,1,207841,1,4719,1,32944,1,5561,4,30,4,64595,4,972,4,1913,8,0,0,1266,132,20,1,74784,1,862,1,2274,1,18766,2,4348,1,412365,1,17844,1,3266,1,0,0,0,0,0,0,0,0,0,1,0,1,9559,1,4518,1,17050,1,9559,1,48,1,0,0,0,0,0,0,0,1,5041,1,4518,1
715,2763900,4518,9559,28.990187,0,0,11,0,0,29377,762,1562,2734523,16,185,40,1,26140,1,50,1,1946213,1,443665,1,104792,1,208883,1,4739,1,32312,1,5631,4,40,4,65005,4,962,4,1904,8,0,0,1303,132,20,1,76638,1,862,1,2525,1,17814,2,4409,1,401815,1,28655,1,3306,1,0,0,0,0,0,0,0,0,0,1,0,1,9559,1,4518,1,17050,1,9559,1,48,1,0,0,0,0,0,0,0,1,5041,1,4518,1
716,2768300,4518,9559,28.990187,0,0,11,0,0,34369,681,1622,2733931,16,185,10,1,26581,1,50,1,1950210,1,438656,1,106205,1,207460,1,4759,1,32873,1,5621,4,30,4,65045,4,1042,4,1874,8,0,0,1294,132,10,1,74554,1,872,1,2515,1,18015,2,4328,1,407335,1,18265,1,3256,1,0,0,0,0,0,0,0,0,0,1,0,1,9559,1,4518,1,17050,1,9559,1,48,1,0,0,0,0,0,0,0,1,5041,1,4518,1
717,2779700,4518,9559,28.990187,0,0,11,0,0,33044,802,1621,2746656,16,185,30,1,24587,1,120,1,1967363,1,424408,1,107788,1,217329,1,5030,1,37202,1,6352,4,30,4,66017,4,1152,4,1904,8,0,0,1435,132,20,1,77299,1,862,1,2685,1,18576,2,4429,1,378239,1,32793,1,3266,1,0,0,0,0,0,0,0,0,0,1,0,1,9559,1,4518,1,17050,1,9559,1,48,1,0,0,0,0,0,0,0,1,5041,1,4518,1
718,2772500,4518,9559,28.990187,0,0,11,0,0,29060,721,1541,2743440,16,185,20,1,26251,1,110,1,1950140,1,446210,1,105173,1,210796,1,4739,1,34216,1,5751,4,30,4,65015,4,1022,4,1844,8,0,0,1324,132,20,1,75866,1,862,1,2715,1,18335,2,4398,1,414950,1,18205,1,3276,1,0,0,0,0,0,0,0,0,0,1,0,1,9559,1,4518,1,17050,1,9559,1,48,1,0,0,0,0,0,0,0,1,5041,1,4518,1
719,2765500,4518,9559,28.990187,0,0,11,0,0,29755,692,1681,2735745,16,185,10,1,26611,1,40,1,1951363,1,436722,1,104642,1,211588,1,4769,1,33585,1,5741,4,40,4,65226,4,1042,4,1914,8,0,0,1275,132,20,1,77209,1,872,1,3046,1,17844,2,4358,1,395062,1,28535,1,3306,1,0,0,0,0,0,0,0,0,0,1,0,1,9559,1,4518,1,17050,1,9559,1,48,1,0,0,0,0,0,0,0,1,5041,1,4518,1
720,2767100,4518,9559,28.990187,0,0,11,0,0,30213,751,1729,2736887,16,185,20,1,26681,1,40,1,1949940,1,441080,1,105233,1,209063,1,4829,1,33595,1,5621,4,30,4,65085,4,1032,4,1894,8,0,0,1197,132,20,1,75255,1,862,1,2655,1,17915,2,4348,1,399771,1,28124,1,3266,1,0,0,0,0,0,0,0,0,0,1,0,1,9559,1,4518,1,17050,1,9559,1,48,1,0,0,0,0,0,0,0,1,5041,1,4518,1
721,2757700,4518,9559,28.990187,0,0,11,0,0,28217,741,1688,2729483,16,185,20,1,26782,1,40,1,1954519,1,428206,1,105403,1,209795,1,4719,1,32944,1,5581,4,30,4,65075,4,1022,4,1864,8,0,0,1198,132,10,1,76908,1,862,1,3026,1,17424,2,4308,1,397456,1,18766,1,3316,1,0,0,0,0,0,0,0,0,0,1,0,1,9559,1,4518,1,17050,1,9559,1,48,1,0,0,0,0,0,0,0,1,5041,1,4518,1
722,3050900,4518,9559,28.990187,0,0,11,0,0,44193,1112,1994,3006707,16,185,170,1,36571,1,70,1,2095971,1,466139,1,139890,1,261985,1,5911,1,40488,1,8136,4,70,4,81197,4,1473,4,2324,8,0,0,1803,132,30,1,95013,1,1082,1,2916,1,22143,2,6002,1,428336,1,20109,1,4078,1,0,0,0,0,0,0,0,0,0,1,0,1,9559,1,4518,1,17050,1,9559,1,48,1,0,0,0,0,0,0,0,1,5041,1,4518,1
723,2880200,4518,9559,28.990187,0,0,11,0,0,28922,691,1639,2851278,16,185,40,1,30258,1,70,1,2060693,1,442643,1,105053,1,207801,1,4719,1,32473,1,5571,4,40,4,64825,4,1002,4,1864,8,0,0,1226,132,20,1,75906,1,862,1,2535,1,17634,2,4378,1,388629,1,40959,1,3246,1,0,0,0,0,0,0,0,0,0,1,0,1,9559,1,4518,1,17050,1,9559,1,48,1,0,0,0,0,0,0,0,1,5041,1,4518,1
724,2738900,4518,9559,28.990187,0,0,11,0,0,31800,721,1678,2707100,16,185,50,1,24497,1,60,1,1938999,1,427053,1,104882,1,206809,1,4749,1,32543,1,5591,4,30,4,64785,4,992,4,2254,8,0,0,1568,132,20,1,74373,1,862,1,2545,1,17664,2,4429,1,395192,1,18656,1,3266,1,0,0,0,0,0,0,0,0,0,1,0,1,9559,1,4518,1,17050,1,9559,1,48,1,0,0,0,0,0,0,0,1,5041,1,4518,1
725,2762800,4518,9559,28.990187,0,0,11,0,0,28828,811,1630,2733972,16,185,40,1,26211,1,30,1,1950000,1,438295,1,105654,1,208993,1,4749,1,32012,1,5601,4,30,4,65256,4,1022,4,2144,8,0,0,1536,132,10,1,76217,1,872,1,2495,1,18065,2,4459,1,407696,1,17444,1,3266,1,0,0,0,0,0,0,0,0,0,1,0,1,9559,1,4518,1,17050,1,9559,1,48,1,0,0,0,0,0,0,0,1,5041,1,4518,1
726,2896200,4518,9559,28.990187,0,0,11,0,0,31496,871,1679,2864704,16,185,80,1,33014,1,30,1,2065943,1,443365,1,111395,1,206158,1,4719,1,31751,1,5571,4,21,4,64364,4,1042,4,1854,8,0,0,1217,132,30,1,74113,1,842,1,2244,1,18926,2,4529,1,401945,1,26902,1,3256,1,0,0,0,0,0,0,0,0,0,1,0,1,9559,1,4518,1,17050,1,9559,1,48,1,0,0,0,0,0,0,0,1,5041,1,4518,1
727,2912300,4518,9559,28.990187,0,0,11,0,0,30383,781,1610,2881917,16,185,50,1,32292,1,60,1,2093286,1,436041,1,106355,1,209123,1,4709,1,32332,1,5491,4,21,4,64585,4,982,4,1874,8,0,0,1246,132,20,1,76237,1,862,1,2505,1,18926,2,4509,1,396515,1,17844,1,3817,1,0,0,0,0,0,0,0,0,0,1,0,1,9559,1,4518,1,17050,1,9559,1,48,1,0,0,0,0,0,0,0,1,5041,1,4518,1
728,2808800,4518,9559,28.990187,0,0,11,0,0,34350,801,1680,2774450,16,185,30,1,26140,1,60,1,1979487,1,452963,1,105343,1,205797,1,4629,1,32072,1,5641,4,21,4,64665,4,1072,4,1864,8,0,0,1256,132,20,1,74053,1,862,1,2525,1,17714,2,4489,1,417385,1,23575,1,3276,1,0,0,0,0,0,0,0,0,0,1,0,1,9559,1,4518,1,17050,1,9559,1,48,1,0,0,0,0,0,0,0,1,5041,1,4518,1
729,2776100,4518,9559,28.990187,0,0,11,0,0,31889,692,1669,2744211,16,185,30,1,26190,1,40,1,1946493,1,449777,1,108058,1,208863,1,4759,1,32523,1,5621,4,40,4,65095,4,1012,4,1914,8,0,0,1256,132,10,1,76247,1,872,1,2535,1,17984,2,4318,1,417515,1,19027,1,3256,1,0,0,0,0,0,0,0,0,0,1,0,1,9559,1,4518,1,17050,1,9559,1,48,1,0,0,0,0,0,0,0,1,5041,1,4518,1
730,2772300,4518,9559,28.990187,0,0,11,0,0,30864,730,1561,2741436,16,185,20,1,26561,1,40,1,1951142,1,444888,1,106916,1,207129,1,4739,1,32072,1,5611,4,40,4,65116,4,952,4,1884,8,0,0,1275,132,20,1,75075,1,862,1,2565,1,17824,2,4378,1,404149,1,27433,1,3306,1,0,0,0,0,0,0,0,0,0,1,0,1,9559,1,4518,1,17050,1,9559,1,48,1,0,0,0,0,0,0,0,1,5041,1,4518,1
731,2761800,4518,9559,28.990187,0,0,11,0,0,29432,692,1580,2732368,16,185,30,1,26251,1,60,1,1950721,1,435349,1,105984,1,209203,1,4769,1,32623,1,5641,4,40,4,64925,4,972,4,1864,8,0,0,1255,132,30,1,76788,1,862,1,2515,1,17814,2,4439,1,395713,1,27703,1,3256,1,0,0,0,0,0,0,0,0,0,1,0,1,9559,1,4518,1,17050,1,9559,1,48,1,0,0,0,0,0,0,0,1,5041,1,4518,1
732,2773400,4518,9559,28.990187,0,0,11,0,0,30020,822,1581,2743380,16,185,10,1,26201,1,40,1,1950210,1,447623,1,107517,1,206999,1,4779,1,32533,1,5571,4,40,4,64985,4,932,4,1894,8,0,0,1245,132,20,1,74674,1,862,1,2515,1,17784,2,4368,1,406975,1,18325,1,4469,1,0,0,0,0,0,0,0,0,0,1,0,1,9559,1,4518,1,17050,1,9559,1,48,1,0,0,0,0,0,0,0,1,5041,1,4518,1
733,2771100,4518,9559,28.990187,0,0,11,0,0,28993,721,1590,2742107,16,185,30,1,26471,1,100,1,1950200,1,443645,1,105804,1,211087,1,4769,1,34687,1,5591,4,40,4,65176,4,952,4,1894,8,0,0,1256,132,10,1,76828,1,862,1,2545,1,17444,2,4338,1,412385,1,17995,1,3306,1,0,0,0,0,0,0,0,0,0,1,0,1,9559,1,4518,1,17050,1,9559,1,48,1,0,0,0,0,0,0,0,1,5041,1,4518,1
734,2762400,4518,9559,28.990187,0,0,11,0,0,30092,692,1542,2732308,16,185,40,1,26491,1,70,1,1949369,1,438475,1,105804,1,207340,1,4719,1,32693,1,5581,4,40,4,64995,4,952,4,1924,8,0,0,1333,132,20,1,74754,1,862,1,2615,1,17774,2,4439,1,406985,1,18095,1,3306,1,0,0,0,0,0,0,0,0,0,1,0,1,9559,1,4518,1,17050,1,9559,1,48,1,0,0,0,0,0,0,0,1,5041,1,4518,1
735,2991500,4518,9559,28.990187,0,0,11,0,0,43165,1112,1904,2948335,16,185,140,1,38364,1,40,1,2044322,1,455679,1,139689,1,264179,1,5921,1,39867,1,8056,4,80,4,81096,4,1292,4,2304,8,0,0,1693,132,50,1,97438,1,1092,1,2916,1,22744,2,6132,1,413227,1,24487,1,4088,1,0,0,0,0,0,0,0,0,0,1,0,1,9559,1,4518,1,17050,1,9559,1,48,1,0,0,0,0,0,0,0,1,5041,1,4518,1
736,2848400,4518,9559,28.990187,0,0,11,0,0,28823,731,1550,2819577,16,185,60,1,30188,1,70,1,2039022,1,434257,1,105263,1,206007,1,4709,1,32392,1,5561,4,30,4,64735,4,972,4,1844,8,0,0,1265,132,20,1,74143,1,862,1,2515,1,17834,2,4368,1,392497,1,28685,1,3236,1,0,0,0,0,0,0,0,0,0,1,0,1,9559,1,4518,1,17050,1,9559,1,48,1,0,0,0,0,0,0,0,1,5041,1,4518,1
737,2761500,4518,9559,28.990187,0,0,11,0,0,30895,670,1688,2730605,16,185,60,1,24648,1,140,1,1947084,1,438225,1,105744,1,209935,1,4769,1,32222,1,6362,4,21,4,65306,4,962,4,1924,8,0,0,1197,132,20,1,76678,1,862,1,2565,1,17654,2,4689,1,398128,1,28024,1,3266,1,0,0,0,0,0,0,0,0,0,1,0,1,9559,1,4518,1,17050,1,9559,1,48,1,0,0,0,0,0,0,0,1,5041,1,4518,1
738,2759600,4518,9559,28.990187,0,0,11,0,0,31961,701,1561,2727639,16,185,60,1,26060,1,20,1,1949559,1,434668,1,105834,1,206679,1,4759,1,32362,1,5611,4,40,4,65146,4,982,4,1884,8,0,0,1304,132,20,1,74654,1,862,1,2505,1,17534,2,4378,1,403258,1,18245,1,3316,1,0,0,0,0,0,0,0,0,0,1,0,1,9559,1,4518,1,17050,1,9559,1,48,1,0,0,0,0,0,0,0,1,5041,1,4518,1
739,2900800,4518,9559,28.990187,0,0,11,0,0,49037,1102,2114,2851763,16,180,200,1,27032,1,70,1,1956302,1,451635,1,140341,1,270121,1,6062,1,41781,1,8667,4,70,4,82168,4,1944,4,2896,8,0,0,2725,132,30,1,99191,1,1092,1,3106,1,21852,2,6222,1,411278,1,22684,1,4138,1,0,0,0,0,0,0,0,0,0,1,0,1,9559,1,4518,1,17050,1,9559,1,48,1,0,0,0,0,0,0,0,1,5041,1,4518,1
740,2797100,4518,9559,28.990187,0,0,11,0,0,33652,922,1681,2763448,16,185,230,1,26391,1,90,1,1974277,1,441351,1,109080,1,207189,1,4839,1,32282,1,5521,4,60,4,64735,4,1152,4,1864,8,0,0,1335,132,30,1,75445,1,862,1,2274,1,17604,2,4439,1,408668,1,17724,1,3306,1,0,0,0,0,0,0,0,0,0,1,0,1,9559,1,4518,1,17050,1,9559,1,48,1,0,0,0,0,0,0,0,1,5041,1,4518,1
741,2777300,4518,9559,28.990187,0,0,11,0,0,33740,850,1601,2743560,16,185,30,1,26541,1,40,1,1939029,1,456350,1,108179,1,208652,1,4739,1,32202,1,5621,4,30,4,65045,4,1012,4,1844,8,0,0,1255,132,40,1,76628,1,872,1,2274,1,17774,2,4459,1,404580,1,38254,1,3296,1,0,0,0,0,0,0,0,0,0,1,0,1,9559,1,4518,1,17050,1,9559,1,48,1,0,0,0,0,0,0,0,1,5041,1,4518,1
742,2775700,4518,9559,28.990187,0,0,11,0,0,30918,722,1640,2744782,16,185,20,1,25970,1,90,1,1949880,1,450088,1,107808,1,206188,1,4739,1,31962,1,5551,4,30,4,65045,4,1012,4,1904,8,0,0,1275,132,30,1,74594,1,852,1,2214,1,17884,2,4388,1,411744,1,23455,1,3286,1,0,0,0,0,0,0,0,0,0,1,0,1,9559,1,4518,1,17050,1,9559,1,48,1,0,0,0,0,0,0,0,1,5041,1,4518,1
743,2777200,4518,9559,28.990187,0,0,11,0,0,32348,761,1670,2744852,16,185,10,1,26301,1,40,1,1948868,1,448244,1,107197,1,209454,1,4739,1,32623,1,5641,4,40,4,65136,4,972,4,2264,8,0,0,1566,132,20,1,76698,1,862,1,2264,1,17734,2,4439,1,406123,1,28565,1,3276,1,0,0,0,0,0,0,0,0,0,1,0,1,9559,1,4518,1,17050,1,9559,1,48,1,0,0,0,0,0,0,0,1,5041,1,4518,1
744,2764000,4518,9559,28.990187,0,0,11,0,0,31742,761,1629,2732258,16,185,30,1,25970,1,40,1,1959679,1,428977,1,106315,1,206608,1,4639,1,32633,1,5631,4,30,4,65116,4,1012,4,1844,8,0,0,1227,132,20,1,74373,1,862,1,2264,1,17774,2,4288,1,380413,1,28455,1,4168,1,0,0,0,0,0,0,0,0,0,1,0,1,9559,1,4518,1,17050,1,9559,1,48,1,0,0,0,0,0,0,0,1,5041,1,4518,1
745,2805700,4518,9559,28.990187,0,0,11,0,0,30379,711,1551,2775321,16,185,10,1,25960,1,60,1,1965560,1,463894,1,106265,1,208813,1,4759,1,32563,1,5631,4,30,4,65196,4,982,4,1844,8,0,0,1274,132,30,1,76477,1,862,1,2244,1,17905,2,4338,1,433225,1,17474,1,3296,1,0,0,0,0,0,0,0,0,0,1,0,1,9559,1,4518,1,17050,1,9559,1,48,1,0,0,0,0,0,0,0,1,5041,1,4518,1
746,2777700,4518,9559,28.990187,0,0,11,0,0,32908,751,1592,2744792,16,185,20,1,26651,1,50,1,1950060,1,449887,1,107016,1,206368,1,4739,1,32553,1,5561,4,30,4,65055,4,972,4,1934,8,0,0,1314,132,10,1,74163,1,882,1,2284,1,17884,2,4288,1,419098,1,17594,1,3246,1,0,0,0,0,0,0,0,0,0,1,0,1,9559,1,4518,1,17050,1,9559,1,48,1,0,0,0,0,0,0,0,1,5041,1,4518,1
747,2781700,4518,9559,28.990187,0,0,11,0,0,32900,661,1648,2748800,16,185,20,1,26291,1,50,1,1950280,1,442233,1,111355,1,213852,1,4719,1,37713,1,5611,4,30,4,65095,4,952,4,1874,8,0,0,1178,132,20,1,76608,1,862,1,2254,1,17784,2,4388,1,408377,1,20399,1,3286,1,0,0,0,0,0,0,0,0,0,1,0,1,9559,1,4518,1,17050,1,9559,1,48,1,0,0,0,0,0,0,0,1,5041,1,4518,1
748,2770200,4518,9559,28.990187,0,0,11,0,0,34185,751,1551,2736015,16,185,30,1,26100,1,80,1,1955370,1,438425,1,105554,1,205737,1,4719,1,31932,1,5571,4,40,4,65055,4,992,4,1844,8,0,0,1285,132,10,1,74373,1,862,1,2244,1,17754,2,4308,1,407846,1,18546,1,3256,1,0,0,0,0,0,0,0,0,0,1,0,1,9559,1,4518,1,17050,1,9559,1,48,1,0,0,0,0,0,0,0,1,5041,1,4518,1
749,2762800,4518,9559,28.990187,0,0,11,0,0,31975,671,1630,2730825,16,185,50,1,26130,1,40,1,1949419,1,436812,1,104932,1,208682,1,4759,1,32703,1,5611,4,40,4,65166,4,952,4,1894,8,0,0,1216,132,30,1,76337,1,862,1,2244,1,17834,2,4338,1,406444,1,18446,1,3266,1,0,0,0,0,0,0,0,0,0,1,0,1,9559,1,4518,1,17050,1,9559,1,48,1,0,0,0,0,0,0,0,1,5041,1,4518,1
750,2770300,4518,9559,28.990187,0,0,11,0,0,29525,721,1658,2740775,16,185,20,1,26421,1,60,1,1953837,1,443585,1,105323,1,206709,1,4819,1,32853,1,5611,4,30,4,65146,4,992,4,1874,8,0,0,1207,132,10,1,74764,1,862,1,2224,1,17183,2,4439,1,412145,1,17203,1,3256,1,0,0,0,0,0,0,0,0,0,1,0,1,9559,1,4518,1,17050,1,9559,1,48,1,0,0,0,0,0,0,0,1,5041,1,4518,1
751,2777400,4518,9559,28.990187,0,0,11,0,0,39862,711,1620,2737538,16,185,110,1,26501,1,70,1,1950240,1,439888,1,107367,1,208592,1,4769,1,32543,1,5601,4,40,4,65035,4,932,4,1934,8,0,0,1245,132,20,1,76578,1,862,1,2314,1,17624,2,4398,1,408768,1,18726,1,3266,1,0,0,0,0,0,0,0,0,0,1,0,1,9559,1,4518,1,17050,1,9559,1,48,1,0,0,0,0,0,0,0,1,5041,1,4518,1
752,2859100,4518,9559,28.990187,0,0,11,0,0,39043,942,1639,2820057,16,185,120,1,35048,1,70,1,2018612,1,440519,1,112026,1,208873,1,4789,1,32312,1,5541,4,60,4,64835,4,1051,4,1874,8,0,0,1286,132,40,1,75476,1,862,1,2365,1,19007,2,4509,1,399690,1,26772,1,3306,1,0,0,0,0,0,0,0,0,0,1,0,1,9559,1,4518,1,17050,1,9559,1,48,1,0,0,0,0,0,0,0,1,5041,1,4518,1
753,2948100,4518,9559,28.990187,0,0,11,0,0,29713,671,1728,2918387,16,185,60,1,32533,1,60,1,2131199,1,433987,1,107307,1,208492,1,4749,1,32262,1,5571,4,30,4,64705,4,1012,4,1884,8,0,0,1168,132,30,1,76477,1,862,1,2264,1,18466,2,4258,1,403217,1,18616,1,3246,1,0,0,0,0,0,0,0,0,0,1,0,1,9559,1,4518,1,17050,1,9559,1,48,1,0,0,0,0,0,0,0,1,5041,1,4518,1
754,2752300,4518,9559,28.990187,0,0,11,0,0,30001,701,1569,2722299,16,185,60,1,26331,1,120,1,1945561,1,434598,1,106215,1,204635,1,4779,1,31861,1,5571,4,40,4,64615,4,942,4,1824,8,0,0,1196,132,30,1,74023,1,852,1,2264,1,17614,2,4298,1,393940,1,26681,1,3417,1,0,0,0,0,0,0,0,0,0,1,0,1,9559,1,4518,1,17050,1,9559,1,48,1,0,0,0,0,0,0,0,1,5041,1,4518,1
755,2759600,4518,9559,28.990187,0,0,11,0,0,32882,771,1609,2726718,16,185,50,1,26221,1,90,1,1946673,1,433947,1,106275,1,208742,1,4719,1,32312,1,5992,4,30,4,65085,4,952,4,1894,8,0,0,1237,132,30,1,76508,1,862,1,2254,1,17634,2,4419,1,383449,1,38454,1,3266,1,0,0,0,0,0,0,0,0,0,1,0,1,9559,1,4518,1,17050,1,9559,1,48,1,0,0,0,0,0,0,0,1,5041,1,4518,1
756,2989500,4518,9559,28.990187,0,0,11,0,0,29152,852,1542,2960348,16,185,90,1,32342,1,70,1,2166728,1,438335,1,111495,1,206478,1,4809,1,31711,1,5611,4,60,4,64745,4,1022,4,2234,8,0,0,1714,132,40,1,74704,1,862,1,2254,1,17884,2,4499,1,393869,1,28084,1,3246,1,0,0,0,0,0,0,0,0,0,1,0,1,9559,1,4518,1,17050,1,9559,1,48,1,0,0,0,0,0,0,0,1,5041,1,4518,1
757,2755200,4518,9559,28.990187,0,0,11,0,0,32560,831,1551,2722640,16,185,60,1,27273,1,70,1,1948327,1,426973,1,106515,1,208753,1,4669,1,31922,1,5551,4,30,4,64775,4,942,4,1874,8,0,0,1265,132,30,1,76558,1,862,1,2244,1,18806,2,4328,1,396885,1,18155,1,3226,1,0,0,0,0,0,0,0,0,0,1,0,1,9559,1,4518,1,17050,1,9559,1,48,1,0,0,0,0,0,0,0,1,5041,1,4518,1
758,2759800,4518,9559,28.990187,0,0,11,0,0,33453,751,1590,2726347,16,185,40,1,24397,1,30,1,1944048,1,442052,1,105594,1,205486,1,4699,1,32182,1,5571,4,30,4,64745,4,982,4,1864,8,0,0,1255,132,20,1,74133,1,852,1,2224,1,17814,2,4318,1,400853,1,28084,1,3236,1,0,0,0,0,0,0,0,0,0,1,0,1,9559,1,4518,1,17050,1,9559,1,48,1,0,0,0,0,0,0,0,1,5041,1,4518,1
759,2772300,4518,9559,28.990187,0,0,11,0,0,30043,841,1621,2742257,16,185,30,1,24417,1,50,1,1950932,1,447302,1,106245,1,208532,1,4749,1,32503,1,5531,4,21,4,65096,4,1012,4,1914,8,0,0,1304,132,20,1,76397,1,852,1,2294,1,17764,2,4288,1,412044,1,23325,1,3256,1,0,0,0,0,0,0,0,0,0,1,0,1,9559,1,4518,1,17050,1,9559,1,48,1,0,0,0,0,0,0,0,1,5041,1,4518,1
760,2762600,4518,9559,28.990187,0,0,11,0,0,32716,671,1600,2729884,16,185,20,1,26501,1,50,1,1949990,1,435911,1,106545,1,206127,1,4739,1,31902,1,5631,4,40,4,65126,4,962,4,1844,8,0,0,1206,132,30,1,74524,1,862,1,2244,1,17925,2,4368,1,405151,1,18546,1,3276,1,0,0,0,0,0,0,0,0,0,1,0,1,9559,1,4518,1,17050,1,9559,1,48,1,0,0,0,0,0,0,0,1,5041,1,4518,1
761,2785100,4518,9559,28.990187,0,0,11,0,0,35037,721,1561,2750063,16,185,100,1,24738,1,40,1,1949238,1,436121,1,106976,1,228100,1,4749,1,36140,1,5681,4,40,4,65246,4,992,4,1844,8,0,0,1274,132,20,1,85976,1,862,1,2264,1,24036,2,4278,1,403999,1,18916,1,3256,1,0,0,0,0,0,0,0,0,0,1,0,1,9559,1,4518,1,17050,1,9559,1,48,1,0,0,0,0,0,0,0,1,5041,1,4518,1
762,2771600,4518,9559,28.990187,0,0,11,0,0,32699,731,1718,2738901,16,185,30,1,25940,1,100,1,1954929,1,439688,1,105353,1,208131,1,4729,1,33485,1,5611,4,30,4,65075,4,1032,4,1844,8,0,0,1158,132,20,1,74784,1,872,1,2284,1,18035,2,4328,1,398448,1,29246,1,3246,1,0,0,0,0,0,0,0,0,0,1,0,1,9559,1,4518,1,17050,1,9559,1,48,1,0,0,0,0,0,0,0,1,5041,1,4518,1
763,2786700,4518,9559,28.990187,0,0,11,0,0,30275,762,1620,2756425,16,185,40,1,26190,1,40,1,1949900,1,459887,1,105634,1,210005,1,4729,1,33154,1,5631,4,40,4,65136,4,992,4,1883,8,0,0,1255,132,30,1,76958,1,862,1,2254,1,17995,2,4308,1,429398,1,18405,1,3326,1,0,0,0,0,0,0,0,0,0,1,0,1,9559,1,4518,1,17050,1,9559,1,48,1,0,0,0,0,0,0,0,1,5041,1,4518,1
764,2775600,4518,9559,28.990187,0,0,11,0,0,29595,762,1619,2746005,16,185,40,1,26561,1,40,1,1950591,1,446441,1,105363,1,212239,1,4729,1,37673,1,5611,4,40,4,64945,4,992,4,1873,8,0,0,1246,132,10,1,74754,1,862,1,2234,1,18065,2,4419,1,406504,1,17544,1,3507,1,0,0,0,0,0,0,0,0,0,1,0,1,9559,1,4518,1,17050,1,9559,1,48,1,0,0,0,0,0,0,0,1,5041,1,4518,1
765,2769500,4518,9559,28.990187,0,0,11,0,0,29747,712,1631,2739753,16,185,30,1,25930,1,20,1,1949078,1,444317,1,106555,1,209083,1,4739,1,32322,1,5551,4,50,4,65065,4,1071,4,1874,8,0,0,1314,132,30,1,77439,1,862,1,2234,1,17594,2,4278,1,412936,1,18255,1,3336,1,0,0,0,0,0,0,0,0,0,1,0,1,9559,1,4518,1,17050,1,9559,1,48,1,0,0,0,0,0,0,0,1,5041,1,4518,1
766,2764700,4518,9559,28.990187,0,0,11,0,0,33915,711,1453,2730785,16,185,20,1,26862,1,80,1,1950020,1,437834,1,104692,1,206508,1,4769,1,32463,1,5601,4,40,4,65126,4,962,4,1854,8,0,0,1362,132,10,1,74654,1,872,1,2224,1,17684,2,4308,1,406834,1,17764,1,3286,1,0,0,0,0,0,0,0,0,0,1,0,1,9559,1,4518,1,17050,1,9559,1,48,1,0,0,0,0,0,0,0,1,5041,1,4518,1
767,2774800,4518,9559,28.990187,0,0,11,0,0,33434,712,1542,2741366,16,185,40,1,25750,1,30,1,1953557,1,443485,1,105463,1,208312,1,4729,1,32132,1,5521,4,40,4,65225,4,1002,4,1864,8,0,0,1323,132,30,1,76628,1,872,1,2234,1,17684,2,4368,1,413567,1,17874,1,3306,1,0,0,0,0,0,0,0,0,0,1,0,1,9559,1,4518,1,17050,1,9559,1,48,1,0,0,0,0,0,0,0,1,5041,1,4518,1
768,2779900,4518,9559,28.990187,0,0,11,0,0,33144,761,1601,2746756,16,185,30,1,26080,1,40,1,1949138,1,452903,1,107307,1,206518,1,4739,1,32453,1,5571,4,30,4,64945,4,992,4,1854,8,0,0,1245,132,10,1,74734,1,862,1,2284,1,17704,2,4318,1,411824,1,19427,1,4659,1,0,0,0,0,0,0,0,0,0,1,0,1,9559,1,4518,1,17050,1,9559,1,48,1,0,0,0,0,0,0,0,1,5041,1,4518,1
769,2923000,4518,9559,28.990187,0,0,11,0,0,51959,1142,2014,2871041,16,184,180,1,34647,1,70,1,1975008,1,452728,1,138717,1,263759,1,5931,1,39957,1,8486,4,80,4,80696,4,1323,4,2304,8,0,0,1613,132,40,1,97468,1,1072,1,2906,1,22123,2,6162,1,406168,1,29327,1,4198,1,0,0,0,0,0,0,0,0,0,1,0,1,9559,1,4518,1,17050,1,9559,1,48,1,0,0,0,0,0,0,0,1,5041,1,4518,1
770,2841800,4518,9559,28.990187,0,0,11,0,0,30239,862,1524,2811561,16,185,60,1,32162,1,70,1,2001389,1,461089,1,105924,1,206137,1,4729,1,32332,1,5531,4,40,4,64755,4,962,4,1884,8,0,0,1322,132,30,1,74033,1,862,1,2244,1,18325,2,4278,1,414820,1,33124,1,3286,1,0,0,0,0,0,0,0,0,0,1,0,1,9559,1,4518,1,17050,1,9559,1,48,1,0,0,0,0,0,0,0,1,5041,1,4518,1
771,2760100,4518,9559,28.990187,0,0,11,0,0,30818,681,1572,2729282,16,185,50,1,26441,1,60,1,1945371,1,440018,1,104692,1,207931,1,4719,1,32132,1,5541,4,40,4,64745,4,972,4,1894,8,0,0,1294,132,40,1,76297,1,852,1,2525,1,17955,2,4258,1,409089,1,18195,1,3306,1,0,0,0,0,0,0,0,0,0,1,0,1,9559,1,4518,1,17050,1,9559,1,48,1,0,0,0,0,0,0,0,1,5041,1,4518,1
772,2774200,4518,9559,28.990187,0,0,11,0,0,38555,772,1599,2735645,16,185,20,1,26301,1,40,1,1947415,1,439217,1,104241,1,213572,1,4839,1,32042,1,5631,4,50,4,65136,4,961,4,1834,8,0,0,1196,132,20,1,82379,1,862,1,2234,1,17143,2,4509,1,409419,1,17544,1,3266,1,0,0,0,0,0,0,0,0,0,1,0,1,9559,1,4518,1,17050,1,9559,1,48,1,0,0,0,0,0,0,0,1,5041,1,4518,1
773,2822100,4518,9559,28.990187,0,0,11,0,0,34134,791,1650,2787966,16,185,10,1,27493,1,80,1,1952885,1,481579,1,107447,1,213752,1,4719,1,34887,1,6122,4,50,4,65326,4,992,4,1884,8,0,0,1226,132,30,1,78121,1,862,1,2254,1,17975,2,4459,1,436141,1,31982,1,3266,1,0,0,0,0,0,0,0,0,0,1,0,1,9559,1,4518,1,17050,1,9559,1,48,1,0,0,0,0,0,0,0,1,5041,1,4518,1
774,2781700,4518,9559,28.990187,0,0,11,0,0,33431,701,1582,2748269,16,185,90,1,26030,1,40,1,1949810,1,450128,1,107117,1,210295,1,4759,1,34707,1,5611,4,50,4,64895,4,1002,4,1844,8,0,0,1264,132,20,1,75936,1,862,1,2284,1,18075,2,4308,1,409319,1,28495,1,3306,1,0,0,0,0,0,0,0,0,0,1,0,1,9559,1,4518,1,17050,1,9559,1,48,1,0,0,0,0,0,0,0,1,5041,1,4518,1
775,2773800,4518,9559,28.990187,0,0,11,0,0,30671,692,1589,2743129,16,185,10,1,26110,1,80,1,1955631,1,440529,1,106185,1,209835,1,4749,1,33424,1,5571,4,40,4,65156,4,992,4,1864,8,0,0,1266,132,20,1,76427,1,872,1,2605,1,17874,2,4298,1,410181,1,18245,1,3266,1,0,0,0,0,0,0,0,0,0,1,0,1,9559,1,4518,1,17050,1,9559,1,48,1,0,0,0,0,0,0,0,1,5041,1,4518,1
776,2750500,4518,9559,28.990187,0,0,11,0,0,28351,691,1721,2722149,16,185,30,1,26561,1,50,1,1951453,1,424398,1,106626,1,208402,1,4629,1,33004,1,5551,4,21,4,65065,4,1052,4,1914,8,0,0,1245,132,20,1,75195,1,872,1,2515,1,18135,2,4368,1,394180,1,17253,1,3276,1,0,0,0,0,0,0,0,0,0,1,0,1,9559,1,4518,1,17050,1,9559,1,48,1,0,0,0,0,0,0,0,1,5041,1,4518,1
777,2766100,4518,9559,28.990187,0,0,11,0,0,29574,692,1669,2736526,16,185,30,1,26561,1,40,1,1950481,1,439167,1,106034,1,209474,1,4739,1,32543,1,5621,4,30,4,65126,4,1032,4,1863,8,0,0,1226,132,20,1,76998,1,862,1,2535,1,17834,2,4318,1,394601,1,31360,1,3266,1,0,0,0,0,0,0,0,0,0,1,0,1,9559,1,4518,1,17050,1,9559,1,48,1,0,0,0,0,0,0,0,1,5041,1,4518,1
778,2795100,4518,9559,28.990187,0,0,11,0,0,31722,731,1639,2763378,16,185,20,1,26571,1,90,1,1971632,1,448014,1,105584,1,206709,1,4759,1,32172,1,5621,4,50,4,65085,4,982,4,1874,8,0,0,1216,132,20,1,74524,1,862,1,2735,1,17484,2,4569,1,416754,1,18987,1,3296,1,0,0,0,0,0,0,0,0,0,1,0,1,9559,1,4518,1,17050,1,9559,1,48,1,0,0,0,0,0,0,0,1,5041,1,4518,1
779,2769300,4518,9559,28.990187,0,0,11,0,0,33575,771,1699,2735725,16,185,10,1,26160,1,70,1,1949789,1,440529,1,105544,1,208843,1,4779,1,32683,1,5621,4,30,4,65065,4,1062,4,1844,8,0,0,1207,132,30,1,76598,1,872,1,2595,1,17113,2,4559,1,410451,1,17814,1,3296,1,0,0,0,0,0,0,0,0,0,1,0,1,9559,1,4518,1,17050,1,9559,1,48,1,0,0,0,0,0,0,0,1,5041,1,4518,1
780,2782000,4518,9559,28.990187,0,0,11,0,0,33711,751,1551,2748289,16,185,20,1,26341,1,50,1,1957064,1,446992,1,105854,1,207230,1,4739,1,32683,1,5571,4,40,4,65286,4,972,4,1844,8,0,0,1265,132,20,1,74574,1,862,1,2625,1,17644,2,4358,1,414219,1,18566,1,4358,1,0,0,0,0,0,0,0,0,0,1,0,1,9559,1,4518,1,17050,1,9559,1,48,1,0,0,0,0,0,0,0,1,5041,1,4518,1
781,2768200,4518,9559,28.990187,0,0,11,0,0,30902,761,1730,2737298,16,185,50,1,25970,1,130,1,1956072,1,435510,1,106075,1,208753,1,4739,1,32242,1,5551,4,40,4,64915,4,1062,4,1874,8,0,0,1207,132,10,1,76487,1,872,1,2535,1,17955,2,4449,1,404730,1,17584,1,3276,1,0,0,0,0,0,0,0,0,0,1,0,1,9559,1,4518,1,17050,1,9559,1,48,1,0,0,0,0,0,0,0,1,5041,1,4518,1
782,2870100,4518,9559,28.990187,0,0,11,0,0,47808,911,1571,2822292,16,185,160,1,34957,1,80,1,2024313,1,435810,1,112777,1,209434,1,4759,1,32493,1,5561,4,60,4,64474,4,1633,4,1844,8,0,0,1906,132,30,1,75956,1,842,1,2264,1,18896,2,4469,1,384131,1,37242,1,3236,1,0,0,0,0,0,0,0,0,0,1,0,1,9559,1,4518,1,17050,1,9559,1,48,1,0,0,0,0,0,0,0,1,5041,1,4518,1
783,3032800,4518,9559,28.990187,0,0,11,0,0,35846,872,1964,2996954,16,185,170,1,32974,1,90,1,2118455,1,447758,1,129169,1,262526,1,5811,1,40939,1,8847,4,50,4,80455,4,1192,4,2335,8,0,0,1563,132,30,1,95654,1,1072,1,3066,1,21882,2,6132,1,404655,1,26792,1,5070,1,0,0,0,0,0,0,0,0,0,1,0,1,9559,1,4518,1,17050,1,9559,1,48,1,0,0,0,0,0,0,0,1,5041,1,4518,1
784,2868300,4518,9559,28.990187,0,0,11,0,0,33935,741,1590,2834365,16,185,70,1,31471,1,30,1,2025556,1,460007,1,105894,1,206628,1,4709,1,32583,1,5571,4,40,4,64645,4,1012,4,1824,8,0,0,1245,132,30,1,74454,1,842,1,2505,1,17874,2,4509,1,430660,1,17163,1,3246,1,0,0,0,0,0,0,0,0,0,1,0,1,9559,1,4518,1,17050,1,9559,1,48,1,0,0,0,0,0,0,0,1,5041,1,4518,1
785,2742000,4518,9559,28.990187,0,0,11,0,0,32185,652,1631,2709815,16,185,60,1,25970,1,90,1,1934290,1,430660,1,105804,1,208181,1,4759,1,32042,1,5570,4,40,4,64625,4,1022,4,1844,8,0,0,1234,132,30,1,76538,1,862,1,2515,1,17995,2,4449,1,394931,1,22433,1,3236,1,0,0,0,0,0,0,0,0,0,1,0,1,9559,1,4518,1,17050,1,9559,1,48,1,0,0,0,0,0,0,0,1,5041,1,4518,1
786,2993600,4518,9559,28.990187,0,0,11,0,0,32440,961,1619,2961160,16,185,190,1,32382,1,40,1,2131420,1,474164,1,112367,1,205837,1,4759,1,31621,1,5581,4,51,4,64384,4,1112,4,1874,8,0,0,1367,132,30,1,74273,1,862,1,2274,1,18335,2,4479,1,433606,1,24898,1,3647,1,0,0,0,0,0,0,0,0,0,1,0,1,9559,1,4518,1,17050,1,9559,1,48,1,0,0,0,0,0,0,0,1,5041,1,4518,1
787,2907000,4518,9559,28.990187,0,0,11,0,0,31365,681,1589,2875635,16,185,40,1,32312,1,60,1,2078087,1,446832,1,105584,1,208021,1,4699,1,32473,1,5530,4,30,4,64705,4,982,4,1824,8,0,0,1216,132,10,1,76337,1,862,1,2254,1,17895,2,4439,1,405382,1,19097,1,4248,1,0,0,0,0,0,0,0,0,0,1,0,1,9559,1,4518,1,17050,1,9559,1,48,1,0,0,0,0,0,0,0,1,5041,1,4518,1
788,2762300,4518,9559,28.990187,0,0,11,0,0,30372,781,1679,2731928,16,185,40,1,26211,1,60,1,1955521,1,432734,1,105463,1,207149,1,4749,1,32212,1,6102,4,30,4,65276,4,952,4,1914,8,0,0,1187,132,20,1,74434,1,872,1,2214,1,17754,2,4589,1,400142,1,19397,1,3266,1,0,0,0,0,0,0,0,0,0,1,0,1,9559,1,4518,1,17050,1,9559,1,48,1,0,0,0,0,0,0,0,1,5041,1,4518,1
789,2774300,4518,9559,28.990187,0,0,11,0,0,30319,731,1641,2743981,16,185,20,1,26110,1,50,1,1953998,1,443766,1,106034,1,209243,1,4759,1,32262,1,5611,4,40,4,65126,4,992,4,1934,8,0,0,1285,132,30,1,76978,1,862,1,2335,1,17834,2,4509,1,401604,1,28856,1,3266,1,0,0,0,0,0,0,0,0,0,1,0,1,9559,1,4518,1,17050,1,9559,1,48,1,0,0,0,0,0,0,0,1,5041,1,4518,1
790,2757900,4518,9559,28.990187,0,0,11,0,0,32495,761,1571,2725405,16,185,30,1,25930,1,50,1,1949860,1,434368,1,104972,1,205446,1,4749,1,32302,1,5571,4,40,4,64655,4,1002,4,1834,8,0,0,1265,132,30,1,74143,1,862,1,2204,1,17614,2,4429,1,402416,1,18866,1,3236,1,0,0,0,0,0,0,0,0,0,1,0,1,9559,1,4518,1,17050,1,9559,1,48,1,0,0,0,0,0,0,0,1,5041,1,4518,1
791,2776700,4518,9559,28.990187,0,0,11,0,0,30625,761,1640,2746075,16,185,160,1,26130,1,70,1,1951613,1,448274,1,106435,1,208622,1,4769,1,32663,1,5541,4,30,4,65176,4,952,4,1904,8,0,0,1216,132,20,1,76588,1,862,1,2234,1,17554,2,4338,1,408488,1,18305,1,4038,1,0,0,0,0,0,0,0,0,0,1,0,1,9559,1,4518,1,17050,1,9559,1,48,1,0,0,0,0,0,0,0,1,5041,1,4518,1
792,2770300,4518,9559,28.990187,0,0,11,0,0,34114,741,1650,2736186,16,185,100,1,26231,1,60,1,1948998,1,443355,1,105714,1,206979,1,4749,1,32332,1,5571,4,40,4,65025,4,972,4,1944,8,0,0,1265,132,30,1,74744,1,872,1,2314,1,17925,2,4469,1,412846,1,18395,1,3276,1,0,0,0,0,0,0,0,0,0,1,0,1,9559,1,4518,1,17050,1,9559,1,48,1,0,0,0,0,0,0,0,1,5041,1,4518,1
793,2766000,4518,9559,28.990187,0,0,11,0,0,30365,772,1540,2735635,16,185,20,1,26291,1,40,1,1955601,1,433506,1,107016,1,208412,1,4749,1,32222,1,5651,4,60,4,65096,4,942,4,1854,8,0,0,1255,132,10,1,76417,1,862,1,2244,1,17884,2,4398,1,401755,1,18596,1,3276,1,0,0,0,0,0,0,0,0,0,1,0,1,9559,1,4518,1,17050,1,9559,1,48,1,0,0,0,0,0,0,0,1,5041,1,4518,1
794,2764300,4518,9559,28.990187,0,0,11,0,0,31751,692,1581,2732549,16,185,40,1,26691,1,60,1,1949429,1,429398,1,109611,1,212530,1,4789,1,38294,1,5520,4,30,4,65065,4,1021,4,1854,8,0,0,1294,132,20,1,74454,1,872,1,2264,1,17935,2,4509,1,389311,1,26621,1,3276,1,0,0,0,0,0,0,0,0,0,1,0,1,9559,1,4518,1,17050,1,9559,1,48,1,0,0,0,0,0,0,0,1,5041,1,4518,1
795,2770800,4518,9559,28.990187,0,0,11,0,0,30526,722,1619,2740274,16,185,10,1,26010,1,40,1,1957564,1,436371,1,105193,1,210386,1,4699,1,33414,1,5641,4,40,4,64845,4,1002,4,1853,8,0,0,1236,132,30,1,76808,1,862,1,2284,1,18456,2,4429,1,403498,1,19528,1,3286,1,0,0,0,0,0,0,0,0,0,1,0,1,9559,1,4518,1,17050,1,9559,1,48,1,0,0,0,0,0,0,0,1,5041,1,4518,1
796,2778800,4518,9559,28.990187,0,0,11,0,0,28417,721,1697,2750383,16,185,30,1,26090,1,50,1,1950070,1,455017,1,106555,1,207841,1,4729,1,32843,1,5641,4,30,4,65045,4,972,4,1864,8,0,0,1139,132,20,1,74754,1,872,1,2284,1,18436,2,4358,1,410602,1,31180,1,3256,1,0,0,0,0,0,0,0,0,0,1,0,1,9559,1,4518,1,17050,1,9559,1,48,1,0,0,0,0,0,0,0,1,5041,1,4518,1
797,2769200,4518,9559,28.990187,0,0,11,0,0,30780,681,1580,2738420,16,185,20,1,26471,1,40,1,1949309,1,442443,1,105964,1,209454,1,4719,1,32593,1,5611,4,40,4,65015,4,972,4,1834,8,0,0,1225,132,20,1,77149,1,872,1,2335,1,17874,2,4459,1,401925,1,18305,1,4018,1,0,0,0,0,0,0,0,0,0,1,0,1,9559,1,4518,1,17050,1,9559,1,48,1,0,0,0,0,0,0,0,1,5041,1,4518,1
798,2774600,4518,9559,28.990187,0,0,11,0,0,40057,771,1592,2734543,16,185,20,1,26160,1,60,1,1949709,1,440900,1,105914,1,207019,1,4759,1,32062,1,5581,4,30,4,64915,4,1002,4,1894,8,0,0,1303,132,20,1,74744,1,862,1,2545,1,18225,2,4368,1,409219,1,18496,1,3266,1,0,0,0,0,0,0,0,0,0,1,0,1,9559,1,4518,1,17050,1,9559,1,48,1,0,0,0,0,0,0,0,1,5041,1,4518,1
799,2922600,4518,9559,28.990187,0,0,11,0,0,39331,932,1670,2883269,16,185,250,1,34717,1,70,1,2073177,1,446531,1,112156,1,211598,1,4769,1,32653,1,5741,4,70,4,64494,4,1092,4,1854,8,0,0,1276,132,30,1,78241,1,952,1,2314,1,18786,2,4439,1,415902,1,16863,1,3236,1,0,0,0,0,0,0,0,0,0,1,0,1,9559,1,4518,1,17050,1,9559,1,48,1,0,0,0,0,0,0,0,1,5041,1,4518,1
800,2918200,4518,9559,28.990187,0,0,11,0,0,33077,741,1730,2885123,16,185,50,1,32262,1,60,1,2094198,1,440730,1,105734,1,207360,1,4729,1,32062,1,5581,4,30,4,65005,4,1022,4,1884,8,0,0,1176,132,30,1,74884,1,852,1,2515,1,18375,2,4378,1,411193,1,16392,1,3276,1,0,0,0,0,0,0,0,0,0,1,0,1,9559,1,4518,1,17050,1,9559,1,48,1,0,0,0,0,0,0,0,1,5041,1,4518,1
801,2760800,4518,9559,28.990187,0,0,11,0,0,28672,771,1572,2732128,16,185,10,1,26080,1,50,1,1949048,1,439888,1,105373,1,206969,1,4709,1,32312,1,5511,4,40,4,64735,4,972,4,1874,8,0,0,1273,132,10,1,75746,1,862,1,2505,1,17193,2,4439,1,408548,1,18035,1,3236,1,0,0,0,0,0,0,0,0,0,1,0,1,9559,1,4518,1,17050,1,9559,1,48,1,0,0,0,0,0,0,0,1,5041,1,4518,1
802,2756600,4518,9559,28.990187,0,0,11,0,0,35924,731,1708,2720676,16,185,60,1,26190,1,50,1,1949659,1,427003,1,105964,1,207019,1,4729,1,32192,1,5551,4,30,4,65326,4,982,4,1904,8,0,0,1178,132,20,1,74734,1,872,1,2525,1,17694,2,4459,1,394240,1,18416,1,3266,1,0,0,0,0,0,0,0,0,0,1,0,1,9559,1,4518,1,17050,1,9559,1,48,1,0,0,0,0,0,0,0,1,5041,1,4518,1
803,2882100,4518,9559,28.990187,0,0,11,0,0,36914,862,1591,2845186,16,185,70,1,32713,1,60,1,2036296,1,447603,1,112026,1,211648,1,4769,1,31681,1,5541,4,60,4,66719,4,1653,4,1834,8,0,0,1895,132,20,1,76648,1,872,1,2355,1,18846,2,4559,1,405442,1,27663,1,3286,1,0,0,0,0,0,0,0,0,0,1,0,1,9559,1,4518,1,17050,1,9559,1,48,1,0,0,0,0,0,0,0,1,5041,1,4518,1
804,2917000,4518,9559,28.990187,0,0,11,0,0,33921,741,1609,2883079,16,185,40,1,30819,1,10,1,2101422,1,434538,1,104662,1,206879,1,4709,1,31972,1,5571,4,30,4,64595,4,952,4,1864,8,0,0,1206,132,20,1,74544,1,852,1,2555,1,18866,2,4318,1,395042,1,25339,1,5491,1,0,0,0,0,0,0,0,0,0,1,0,1,9559,1,4518,1,17050,1,9559,1,48,1,0,0,0,0,0,0,0,1,5041,1,4518,1
805,2754900,4518,9559,28.990187,0,0,11,0,0,33833,842,1599,2721067,16,185,30,1,24307,1,40,1,1944680,1,434568,1,105143,1,207590,1,4709,1,31831,1,5521,4,40,4,64615,4,942,4,1894,8,0,0,1236,132,20,1,76047,1,862,1,2495,1,18085,2,4398,1,402997,1,18446,1,3246,1,0,0,0,0,0,0,0,0,0,1,0,1,9559,1,4518,1,17050,1,9559,1,48,1,0,0,0,0,0,0,0,1,5041,1,4518,1
806,2772900,4518,9559,28.990187,0,0,11,0,0,32797,661,1522,2740103,16,185,20,1,25299,1,30,1,1957544,1,437684,1,106205,1,208542,1,4779,1,32873,1,6102,4,30,4,65176,4,972,4,1874,8,0,0,1323,132,20,1,75005,1,872,1,2655,1,17854,2,4449,1,400071,1,24056,1,3256,1,0,0,0,0,0,0,0,0,0,1,0,1,9559,1,4518,1,17050,1,9559,1,48,1,0,0,0,0,0,0,0,1,5041,1,4518,1
807,2775900,4518,9559,28.990187,0,0,11,0,0,32580,692,1550,2743320,16,185,20,1,26411,1,40,1,1950310,1,447162,1,105213,1,209454,1,4709,1,32202,1,5651,4,40,4,65106,4,971,4,1844,8,0,0,1265,132,20,1,77399,1,862,1,2525,1,17684,2,4459,1,405913,1,18506,1,5070,1,0,0,0,0,0,0,0,0,0,1,0,1,9559,1,4518,1,17050,1,9559,1,48,1,0,0,0,0,0,0,0,1,5041,1,4518,1
808,2765000,4518,9559,28.990187,0,0,11,0,0,33113,681,1569,2731887,16,185,10,1,25840,1,10,1,1951052,1,438506,1,105824,1,205907,1,4739,1,31952,1,5611,4,40,4,65136,4,942,4,1844,8,0,0,1216,132,20,1,74514,1,862,1,2535,1,17394,2,4378,1,406394,1,19087,1,3296,1,0,0,0,0,0,0,0,0,0,1,0,1,9559,1,4518,1,17050,1,9559,1,48,1,0,0,0,0,0,0,0,1,5041,1,4518,1
809,2786200,4518,9559,28.990187,0,0,11,0,0,34424,812,1561,2751776,16,185,20,1,26090,1,40,1,1955541,1,450849,1,105804,1,208692,1,4739,1,32272,1,5621,4,40,4,65125,4,982,4,1844,8,0,0,1265,132,10,1,76367,1,872,1,2505,1,17784,2,4459,1,418798,1,18947,1,3266,1,0,0,0,0,0,0,0,0,0,1,0,1,9559,1,4518,1,17050,1,9559,1,48,1,0,0,0,0,0,0,0,1,5041,1,4518,1
810,2762300,4518,9559,28.990187,0,0,11,0,0,31034,691,1691,2731266,16,185,20,1,26110,1,30,1,1950220,1,437744,1,105804,1,206568,1,4769,1,31912,1,5611,4,30,4,65166,4,1052,4,1873,8,0,0,1235,132,20,1,74343,1,872,1,2495,1,18115,2,4388,1,405953,1,18706,1,3326,1,0,0,0,0,0,0,0,0,0,1,0,1,9559,1,4518,1,17050,1,9559,1,48,1,0,0,0,0,0,0,0,1,5041,1,4518,1
811,2761200,4518,9559,28.990187,0,0,11,0,0,32439,781,1591,2728761,16,185,130,1,26301,1,30,1,1950120,1,419469,1,108850,1,219203,1,4659,1,38434,1,5811,4,40,4,68242,4,962,4,1883,8,0,0,1255,132,10,1,76688,1,862,1,2505,1,18626,2,4358,1,375133,1,26110,1,3797,1,0,0,0,0,0,0,0,0,0,1,0,1,9559,1,4518,1,17050,1,9559,1,48,1,0,0,0,0,0,0,0,1,5041,1,4518,1
812,2765000,4518,9559,28.990187,0,0,11,0,0,33012,701,1562,2731988,16,185,10,1,26100,1,30,1,1948757,1,439878,1,105634,1,206759,1,4819,1,32563,1,5691,4,40,4,65085,4,972,4,1914,8,0,0,1323,132,10,1,74814,1,872,1,2234,1,17574,2,4288,1,400282,1,27713,1,3256,1,0,0,0,0,0,0,0,0,0,1,0,1,9559,1,4518,1,17050,1,9559,1,48,1,0,0,0,0,0,0,0,1,5041,1,4518,1
813,2772200,4518,9559,28.990187,0,0,11,0,0,29301,811,1609,2742899,16,185,40,1,26050,1,60,1,1956102,1,442423,1,105113,1,208362,1,4749,1,32212,1,5641,4,30,4,65106,4,962,4,1834,8,0,0,1187,132,10,1,76528,1,862,1,2264,1,17754,2,4348,1,411554,1,17724,1,3296,1,0,0,0,0,0,0,0,0,0,1,0,1,9559,1,4518,1,17050,1,9559,1,48,1,0,0,0,0,0,0,0,1,5041,1,4518,1
814,2750900,4518,9559,28.990187,0,0,11,0,0,28962,741,1591,2721938,16,185,30,1,25980,1,60,1,1949188,1,429709,1,105604,1,206568,1,4799,1,32863,1,5601,4,30,4,65085,4,982,4,1874,8,0,0,1265,132,20,1,74173,1,862,1,2234,1,17634,2,4469,1,382658,1,34987,1,3256,1,0,0,0,0,0,0,0,0,0,1,0,1,9559,1,4518,1,17050,1,9559,1,48,1,0,0,0,0,0,0,0,1,5041,1,4518,1
815,2774600,4518,9559,28.990187,0,0,11,0,0,29858,711,1521,2744742,16,185,20,1,26691,1,30,1,1949299,1,449747,1,105503,1,208732,1,4719,1,32533,1,5571,4,50,4,64895,4,972,4,1813,8,0,0,1264,132,30,1,76558,1,872,1,2304,1,18065,2,4358,1,399430,1,35899,1,4539,1,0,0,0,0,0,0,0,0,0,1,0,1,9559,1,4518,1,17050,1,9559,1,48,1,0,0,0,0,0,0,0,1,5041,1,4518,1
816,2889400,4518,9559,28.990187,0,0,11,0,0,31089,821,1560,2858311,16,185,30,1,35659,1,70,1,2056405,1,442233,1,110924,1,208282,1,4709,1,32332,1,5721,4,50,4,64454,4,982,4,1803,8,0,0,1225,132,30,1,75195,1,852,1,2244,1,19337,2,4459,1,409760,1,17794,1,3236,1,0,0,0,0,0,0,0,0,0,1,0,1,9559,1,4518,1,17050,1,9559,1,48,1,0,0,0,0,0,0,0,1,5041,1,4518,1
817,2994400,4518,9559,28.990187,0,0,11,0,0,34022,801,1610,2960378,16,185,50,1,32152,1,50,1,2150116,1,458925,1,105233,1,209153,1,4699,1,32583,1,5601,4,21,4,65085,4,1032,4,1813,8,0,0,1235,132,20,1,76748,1,862,1,2385,1,17804,2,4398,1,427935,1,17804,1,3286,1,0,0,0,0,0,0,0,0,0,1,0,1,9559,1,4518,1,17050,1,9559,1,48,1,0,0,0,0,0,0,0,1,5041,1,4518,1
818,2753200,4518,9559,28.990187,0,0,11,0,0,31352,721,1590,2721848,16,185,40,1,26070,1,40,1,1946623,1,431803,1,105183,1,207360,1,4729,1,32513,1,5601,4,40,4,65236,4,932,4,1884,8,0,0,1226,132,20,1,75165,1,872,1,2355,1,17664,2,4358,1,401083,1,18706,1,3256,1,0,0,0,0,0,0,0,0,0,1,0,1,9559,1,4518,1,17050,1,9559,1,48,1,0,0,0,0,0,0,0,1,5041,1,4518,1
819,2756700,4518,9559,28.990187,0,0,11,0,0,31325,712,1590,2725375,16,185,40,1,25780,1,50,1,1949439,1,431913,1,104642,1,208753,1,4759,1,32212,1,5621,4,40,4,65226,4,942,4,1894,8,0,0,1245,132,10,1,76798,1,862,1,2244,1,17704,2,4489,1,391595,1,28435,1,3256,1,0,0,0,0,0,0,0,0,0,1,0,1,9559,1,4518,1,17050,1,9559,1,48,1,0,0,0,0,0,0,0,1,5041,1,4518,1
820,2848300,4518,9559,28.990187,0,0,11,0,0,34214,872,1580,2814086,16,185,160,1,27092,1,60,1,2010096,1,448525,1,111345,1,212059,1,4749,1,31942,1,5571,4,60,4,64344,4,1052,4,2114,8,0,0,1585,132,40,1,79724,1,892,1,2264,1,18736,2,4449,1,417355,1,17764,1,3246,1,0,0,0,0,0,0,0,0,0,1,0,1,9559,1,4518,1,17050,1,9559,1,48,1,0,0,0,0,0,0,0,1,5041,1,4518,1
821,2792500,4518,9559,28.990187,0,0,11,0,0,32829,811,1571,2759671,16,185,50,1,28034,1,100,1,1971451,1,441672,1,105073,1,208522,1,4769,1,31811,1,5561,4,40,4,64615,4,1002,4,1804,8,0,0,1235,132,10,1,76848,1,862,1,2214,1,18516,2,4429,1,397887,1,30359,1,3276,1,0,0,0,0,0,0,0,0,0,1,0,1,9559,1,4518,1,17050,1,9559,1,48,1,0,0,0,0,0,0,0,1,5041,1,4518,1
822,2760700,4518,9559,28.990187,0,0,11,0,0,33682,702,1620,2727018,16,185,40,1,26130,1,130,1,1944770,1,430400,1,105764,1,215055,1,4729,1,32443,1,5651,4,40,4,65035,4,1022,4,1883,8,0,0,1285,132,20,1,83130,1,862,1,2224,1,17654,2,4388,1,395903,1,21101,1,3266,1,0,0,0,0,0,0,0,0,0,1,0,1,9559,1,4518,1,17050,1,9559,1,48,1,0,0,0,0,0,0,0,1,5041,1,4518,1
823,2791100,4518,9559,28.990187,0,0,11,0,0,33824,681,1700,2757276,16,185,40,1,26030,1,40,1,1950010,1,460227,1,106145,1,210055,1,4729,1,33675,1,5621,4,30,4,65106,4,1002,4,1914,8,0,0,1216,132,20,1,76878,1,862,1,2264,1,17624,2,4378,1,420952,1,26471,1,4008,1,0,0,0,0,0,0,0,0,0,1,0,1,9559,1,4518,1,17050,1,9559,1,48,1,0,0,0,0,0,0,0,1,5041,1,4518,1
824,2777900,4518,9559,28.990187,0,0,11,0,0,33719,812,1599,2744181,16,185,40,1,26271,1,60,1,1955931,1,445629,1,105233,1,206238,1,4779,1,32272,1,5561,4,40,4,65075,4,952,4,1884,8,0,0,1236,132,10,1,74353,1,872,1,2224,1,17734,2,4449,1,398268,1,34316,1,3266,1,0,0,0,0,0,0,0,0,0,1,0,1,9559,1,4518,1,17050,1,9559,1,48,1,0,0,0,0,0,0,0,1,5041,1,4518,1
825,2774600,4518,9559,28.990187,0,0,11,0,0,30459,641,1610,2744141,16,185,30,1,26421,1,80,1,1950371,1,448986,1,104882,1,208652,1,4719,1,32663,1,5591,4,30,4,65226,4,992,4,1864,8,0,0,1246,132,20,1,76317,1,872,1,2284,1,17694,2,4459,1,397436,1,37452,1,4398,1,0,0,0,0,0,0,0,0,0,1,0,1,9559,1,4518,1,17050,1,9559,1,48,1,0,0,0,0,0,0,0,1,5041,1,4518,1
826,2751700,4518,9559,28.990187,0,0,11,0,0,31265,732,1776,2720435,16,185,10,1,26040,1,40,1,1948898,1,428015,1,105533,1,207129,1,4769,1,32372,1,5661,4,30,4,64945,4,1042,4,1863,8,0,0,1129,132,20,1,74784,1,862,1,2274,1,18195,2,4348,1,398027,1,18095,1,3266,1,0,0,0,0,0,0,0,0,0,1,0,1,9559,1,4518,1,17050,1,9559,1,48,1,0,0,0,0,0,0,0,1,5041,1,4518,1
827,2765400,4518,9559,28.990187,0,0,11,0,0,34034,771,1560,2731366,16,185,30,1,26551,1,90,1,1950902,1,434598,1,105453,1,209013,1,4729,1,32553,1,5641,4,40,4,65186,4,952,4,1844,8,0,0,1236,132,20,1,76628,1,862,1,2244,1,17824,2,4449,1,393158,1,28365,1,3316,1,0,0,0,0,0,0,0,0,0,1,0,1,9559,1,4518,1,17050,1,9559,1,48,1,0,0,0,0,0,0,0,1,5041,1,4518,1
828,2786400,4518,9559,28.990187,0,0,11,0,0,30306,751,1600,2756094,16,185,50,1,26421,1,60,1,1952505,1,449837,1,109852,1,212580,1,4789,1,38144,1,5531,4,40,4,65166,4,982,4,1844,8,0,0,1226,132,20,1,74724,1,862,1,2254,1,17864,2,4398,1,409399,1,16963,1,3477,1,0,0,0,0,0,0,0,0,0,1,0,1,9559,1,4518,1,17050,1,9559,1,48,1,0,0,0,0,0,0,0,1,5041,1,4518,1
829,2765300,4518,9559,28.990187,0,0,11,0,0,30958,672,1581,2734342,16,185,30,1,25990,1,60,1,1946643,1,441762,1,106054,1,209033,1,4769,1,32513,1,5511,4,40,4,65155,4,982,4,1884,8,0,0,1285,132,30,1,76658,1,862,1,2254,1,18015,2,4459,1,410752,1,17905,1,3286,1,0,0,0,0,0,0,0,0,0,1,0,1,9559,1,4518,1,17050,1,9559,1,48,1,0,0,0,0,0,0,0,1,5041,1,4518,1
830,2767100,4518,9559,28.990187,0,0,11,0,0,32257,672,1630,2734843,16,185,40,1,26471,1,40,1,1950902,1,440860,1,105523,1,206288,1,4719,1,31992,1,5590,4,40,4,65416,4,1292,4,1833,8,0,0,1496,132,20,1,74383,1,862,1,2274,1,17434,2,4479,1,401244,1,27243,1,3316,1,0,0,0,0,0,0,0,0,0,1,0,1,9559,1,4518,1,17050,1,9559,1,48,1,0,0,0,0,0,0,0,1,5041,1,4518,1
831,2764000,4518,9559,28.990187,0,0,11,0,0,29237,722,1610,2734763,16,185,40,1,26381,1,60,1,1950030,1,439067,1,105954,1,208452,1,4779,1,32232,1,5631,4,30,4,64985,4,961,4,1884,8,0,0,1235,132,20,1,76988,1,862,1,2405,1,17203,2,4529,1,408367,1,17724,1,3296,1,0,0,0,0,0,0,0,0,0,1,0,1,9559,1,4518,1,17050,1,9559,1,48,1,0,0,0,0,0,0,0,1,5041,1,4518,1
832,2757100,4518,9559,28.990187,0,0,11,0,0,29681,681,1668,2727419,16,185,40,1,26461,1,80,1,1950120,1,434257,1,105604,1,206087,1,4769,1,31942,1,5621,4,60,4,65035,4,942,4,1904,8,0,0,1177,132,30,1,74514,1,872,1,2274,1,17824,2,4388,1,392958,1,28114,1,3246,1,0,0,0,0,0,0,0,0,0,1,0,1,9559,1,4518,1,17050,1,9559,1,48,1,0,0,0,0,0,0,0,1,5041,1,4518,1
833,2856200,4518,9559,28.990187,0,0,11,0,0,31764,892,1601,2824436,16,185,140,1,35639,1,50,1,2023341,1,440399,1,109972,1,210195,1,4699,1,31881,1,5511,4,60,4,64484,4,1032,4,2024,8,0,0,1455,132,30,1,77840,1,862,1,2264,1,18876,2,4439,1,393729,1,32964,1,3246,1,0,0,0,0,0,0,0,0,0,1,0,1,9559,1,4518,1,17050,1,9559,1,48,1,0,0,0,0,0,0,0,1,5041,1,4518,1
834,2953200,4518,9559,28.990187,0,0,11,0,0,34963,721,1691,2918237,16,185,50,1,32382,1,40,1,2136920,1,432284,1,105002,1,206869,1,4689,1,32412,1,5591,4,40,4,64554,4,992,4,1934,8,0,0,1235,132,20,1,74674,1,862,1,2274,1,18486,2,4308,1,402887,1,17394,1,3286,1,0,0,0,0,0,0,0,0,0,1,0,1,9559,1,4518,1,17050,1,9559,1,48,1,0,0,0,0,0,0,0,1,5041,1,4518,1
835,2765500,4518,9559,28.990187,0,0,11,0,0,33282,701,1660,2732218,16,185,50,1,26010,1,60,1,1945932,1,441431,1,105433,1,208562,1,4739,1,32232,1,5571,4,60,4,65146,4,1002,4,1893,8,0,0,1235,132,20,1,76487,1,862,1,2244,1,17874,2,4469,1,410251,1,17905,1,3286,1,0,0,0,0,0,0,0,0,0,1,0,1,9559,1,4518,1,17050,1,9559,1,48,1,0,0,0,0,0,0,0,1,5041,1,4518,1
836,2763000,4518,9559,28.990187,0,0,11,0,0,31854,711,1581,2731146,16,185,30,1,26100,1,40,1,1950310,1,438195,1,105073,1,206598,1,4799,1,32082,1,5611,4,30,4,65106,4,962,4,1874,8,0,0,1255,132,20,1,74854,1,872,1,2244,1,17724,2,4509,1,405983,1,19077,1,3276,1,0,0,0,0,0,0,0,0,0,1,0,1,9559,1,4518,1,17050,1,9559,1,48,1,0,0,0,0,0,0,0,1,5041,1,4518,1
837,3039800,4518,9559,28.990187,0,0,11,0,0,32952,861,1610,3006848,16,185,100,1,32302,1,60,1,2201575,1,448575,1,110874,1,208632,1,4729,1,31691,1,5481,4,60,4,64354,4,982,4,1884,8,0,0,1256,132,30,1,76247,1,852,1,2926,1,18766,2,4499,1,416393,1,18015,1,3256,1,0,0,0,0,0,0,0,0,0,1,0,1,9559,1,4518,1,17050,1,9559,1,48,1,0,0,0,0,0,0,0,1,5041,1,4518,1
838,2943800,4518,9559,28.990187,0,0,11,0,0,33959,751,1522,2909841,16,185,40,1,32322,1,50,1,2118344,1,443405,1,104301,1,206679,1,4699,1,32212,1,5550,4,50,4,64655,4,942,4,1864,8,0,0,1284,132,20,1,74263,1,852,1,2335,1,18656,2,4529,1,411574,1,18676,1,3236,1,0,0,0,0,0,0,0,0,0,1,0,1,9559,1,4518,1,17050,1,9559,1,48,1,0,0,0,0,0,0,0,1,5041,1,4518,1
839,2775100,4518,9559,28.990187,0,0,11,0,0,34375,691,1571,2740725,16,185,40,1,26030,1,90,1,1939450,1,458053,1,104802,1,207520,1,4739,1,32362,1,5580,4,30,4,64675,4,952,4,1854,8,0,0,1235,132,10,1,75987,1,852,1,2214,1,17784,2,4529,1,418727,1,17293,1,3387,1,0,0,0,0,0,0,0,0,0,1,0,1,9559,1,4518,1,17050,1,9559,1,48,1,0,0,0,0,0,0,0,1,5041,1,4518,1
840,2751900,4518,9559,28.990187,0,0,11,0,0,32617,751,1602,2719283,16,185,10,1,25890,1,60,1,1943447,1,434368,1,105604,1,205316,1,4589,1,31761,1,5561,4,40,4,64865,4,992,4,1884,8,0,0,1274,132,30,1,74153,1,852,1,2264,1,17754,2,4409,1,392487,1,28896,1,3296,1,0,0,0,0,0,0,0,0,0,1,0,1,9559,1,4518,1,17050,1,9559,1,48,1,0,0,0,0,0,0,0,1,5041,1,4518,1
841,2752600,4518,9559,28.990187,0,0,11,0,0,30652,701,1619,2721948,16,185,30,1,26241,1,50,1,1949419,1,427625,1,105924,1,207911,1,4749,1,32392,1,5611,4,30,4,65045,4,972,4,1854,8,0,0,1206,132,30,1,76277,1,862,1,2254,1,17474,2,4409,1,396354,1,18245,1,3266,1,0,0,0,0,0,0,0,0,0,1,0,1,9559,1,4518,1,17050,1,9559,1,48,1,0,0,0,0,0,0,0,1,5041,1,4518,1
842,2774300,4518,9559,28.990187,0,0,11,0,0,30860,831,1503,2743440,16,185,20,1,26461,1,100,1,1949820,1,450639,1,105614,1,206057,1,4729,1,32192,1,5521,4,30,4,65106,4,952,4,1844,8,0,0,1293,132,20,1,74193,1,862,1,2234,1,17864,2,4409,1,406283,1,31360,1,3276,1,0,0,0,0,0,0,0,0,0,1,0,1,9559,1,4518,1,17050,1,9559,1,48,1,0,0,0,0,0,0,0,1,5041,1,4518,1
843,2760500,4518,9559,28.990187,0,0,11,0,0,34404,761,1621,2726096,16,185,10,1,26381,1,40,1,1948647,1,433496,1,104141,1,208632,1,4749,1,32593,1,5581,4,30,4,65045,4,1012,4,1894,8,0,0,1285,132,20,1,76347,1,862,1,2264,1,17824,2,4398,1,393489,1,27032,1,3266,1,0,0,0,0,0,0,0,0,0,1,0,1,9559,1,4518,1,17050,1,9559,1,48,1,0,0,0,0,0,0,0,1,5041,1,4518,1
844,2774100,4518,9559,28.990187,0,0,11,0,0,32474,732,1580,2741626,16,185,80,1,26641,1,90,1,1949589,1,448595,1,105523,1,206388,1,4719,1,32392,1,5581,4,40,4,65196,4,1002,4,1863,8,0,0,1285,132,10,1,74584,1,862,1,2234,1,17434,2,4459,1,417355,1,19067,1,3306,1,0,0,0,0,0,0,0,0,0,1,0,1,9559,1,4518,1,17050,1,9559,1,48,1,0,0,0,0,0,0,0,1,5041,1,4518,1
845,2783500,4518,9559,28.990187,0,0,11,0,0,30953,701,1610,2752547,16,185,30,1,26120,1,10,1,1956763,1,446892,1,109912,1,208031,1,4789,1,32062,1,5631,4,30,4,64905,4,1002,4,1864,8,0,0,1255,132,20,1,76618,1,862,1,2244,1,17794,2,4298,1,416774,1,16812,1,3266,1,0,0,0,0,0,0,0,0,0,1,0,1,9559,1,4518,1,17050,1,9559,1,48,1,0,0,0,0,0,0,0,1,5041,1,4518,1
846,2771100,4518,9559,28.990187,0,0,11,0,0,33892,741,1612,2737208,16,185,30,1,26351,1,60,1,1948868,1,445369,1,105934,1,205867,1,4729,1,32202,1,5601,4,30,4,65045,4,1012,4,1894,8,0,0,1294,132,30,1,74534,1,872,1,2234,1,17243,2,4429,1,413978,1,18245,1,3316,1,0,0,0,0,0,0,0,0,0,1,0,1,9559,1,4518,1,17050,1,9559,1,48,1,0,0,0,0,0,0,0,1,5041,1,4518,1
847,2769100,4518,9559,28.990187,0,0,11,0,0,33826,661,1573,2735274,16,185,30,1,26040,1,40,1,1955000,1,435109,1,105493,1,208813,1,4749,1,32593,1,5611,4,40,4,65096,4,1002,4,1874,8,0,0,1303,132,10,1,76638,1,862,1,2324,1,17734,2,4368,1,404861,1,18405,1,3306,1,0,0,0,0,0,0,0,0,0,1,0,1,9559,1,4518,1,17050,1,9559,1,48,1,0,0,0,0,0,0,0,1,5041,1,4518,1
848,2761200,4518,9559,28.990187,0,0,11,0,0,29944,711,1511,2731256,16,185,10,1,26100,1,50,1,1955981,1,432213,1,105774,1,206368,1,4759,1,32202,1,5631,4,40,4,65045,4,922,4,1834,8,0,0,1245,132,20,1,74423,1,872,1,2274,1,17985,2,4409,1,391084,1,29276,1,3266,1,0,0,0,0,0,0,0,0,0,1,0,1,9559,1,4518,1,17050,1,9559,1,48,1,0,0,0,0,0,0,0,1,5041,1,4518,1
849,2766700,4518,9559,28.990187,0,0,11,0,0,31676,662,1592,2735024,16,185,30,1,26621,1,20,1,1950731,1,439187,1,106305,1,207390,1,4739,1,32202,1,5500,4,30,4,64935,4,1022,4,1894,8,0,0,1323,132,20,1,76127,1,862,1,2234,1,17414,2,4489,1,396965,1,29096,1,3316,1,0,0,0,0,0,0,0,0,0,1,0,1,9559,1,4518,1,17050,1,9559,1,48,1,0,0,0,0,0,0,0,1,5041,1,4518,1
850,2924900,4518,9559,28.990187,0,0,11,0,0,41871,1062,2004,2883029,16,185,150,1,30519,1,60,1,1974227,1,469235,1,139269,1,263648,1,5921,1,39817,1,8136,4,60,4,81167,4,1613,4,2314,8,0,0,1924,132,50,1,95274,1,1082,1,2936,1,22363,2,7775,1,431843,1,20119,1,4048,1,0,0,0,0,0,0,0,0,0,1,0,1,9559,1,4518,1,17050,1,9559,1,48,1,0,0,0,0,0,0,0,1,5041,1,4518,1
851,2772500,4518,9559,28.990187,0,0,11,0,0,28459,691,1650,2744041,16,185,40,1,24718,1,40,1,1969968,1,431702,1,105203,1,207650,1,4719,1,32142,1,5591,4,30,4,64675,4,982,4,1914,8,0,0,1245,132,40,1,76277,1,852,1,2335,1,17684,2,4439,1,391034,1,18095,1,3527,1,0,0,0,0,0,0,0,0,0,1,0,1,9559,1,4518,1,17050,1,9559,1,48,1,0,0,0,0,0,0,0,1,5041,1,4518,1
852,2754500,4518,9559,28.990187,0,0,11,0,0,33273,771,1701,2721227,16,185,40,1,24417,1,90,1,1948467,1,430981,1,105764,1,206729,1,4739,1,32793,1,5591,4,40,4,65096,4,1032,4,1934,8,0,0,1265,132,10,1,74303,1,862,1,2264,1,17634,2,4398,1,400482,1,18436,1,3246,1,0,0,0,0,0,0,0,0,0,1,0,1,9559,1,4518,1,17050,1,9559,1,48,1,0,0,0,0,0,0,0,1,5041,1,4518,1
853,2750700,4518,9559,28.990187,0,0,11,0,0,29263,671,1630,2721437,16,185,20,1,26150,1,30,1,1949629,1,426753,1,105864,1,208292,1,4699,1,32232,1,5621,4,30,4,65075,4,1002,4,1884,8,0,0,1255,132,20,1,76157,1,872,1,2264,1,18115,2,4348,1,377568,1,33455,1,4108,1,0,0,0,0,0,0,0,0,0,1,0,1,9559,1,4518,1,17050,1,9559,1,48,1,0,0,0,0,0,0,0,1,5041,1,4518,1
854,2955100,4518,9559,28.990187,0,0,11,0,0,40230,902,1891,2914870,16,185,200,1,32783,1,80,1,2101863,1,451771,1,113308,1,210205,1,4659,1,32352,1,5561,4,60,4,66218,4,1062,4,2374,8,0,0,1545,132,40,1,74874,1,872,1,2264,1,19107,2,4519,1,409650,1,27022,1,3266,1,0,0,0,0,0,0,0,0,0,1,0,1,9559,1,4518,1,17050,1,9559,1,48,1,0,0,0,0,0,0,0,1,5041,1,4518,1
855,2906800,4518,9559,28.990187,0,0,11,0,0,33580,801,1551,2873220,16,185,40,1,32242,1,40,1,2083587,1,438445,1,105634,1,208502,1,4729,1,32062,1,5601,4,21,4,64815,4,982,4,1834,8,0,0,1265,132,20,1,76227,1,862,1,2224,1,18616,2,4439,1,397557,1,26992,1,3326,1,0,0,0,0,0,0,0,0,0,1,0,1,9559,1,4518,1,17050,1,9559,1,48,1,0,0,0,0,0,0,0,1,5041,1,4518,1
856,2789600,4518,9559,28.990187,0,0,11,0,0,35890,682,1738,2753710,16,185,40,1,26000,1,60,1,1964608,1,444627,1,106125,1,207500,1,4749,1,32222,1,6012,4,50,4,65085,4,1042,4,1854,8,0,0,1157,132,10,1,74804,1,862,1,2455,1,17684,2,4739,1,404169,1,17814,1,3417,1,0,0,0,0,0,0,0,0,0,1,0,1,9559,1,4518,1,17050,1,9559,1,48,1,0,0,0,0,0,0,0,1,5041,1,4518,1
857,2768300,4518,9559,28.990187,0,0,11,0,0,34639,761,1540,2733661,16,185,20,1,25700,1,40,1,1949639,1,437954,1,106846,1,208732,1,4729,1,32553,1,5581,4,40,4,65126,4,922,4,1854,8,0,0,1235,132,20,1,76367,1,872,1,2304,1,17884,2,4449,1,392727,1,32603,1,3296,1,0,0,0,0,0,0,0,0,0,1,0,1,9559,1,4518,1,17050,1,9559,1,48,1,0,0,0,0,0,0,0,1,5041,1,4518,1
858,2771700,4518,9559,28.990187,0,0,11,0,0,30635,682,1660,2741065,16,185,20,1,25850,1,60,1,1950260,1,447192,1,106125,1,206809,1,4749,1,32132,1,5581,4,30,4,65085,4,1002,4,1894,8,0,0,1236,132,20,1,74955,1,862,1,2224,1,17985,2,4358,1,410251,1,23415,1,3306,1,0,0,0,0,0,0,0,0,0,1,0,1,9559,1,4518,1,17050,1,9559,1,48,1,0,0,0,0,0,0,0,1,5041,1,4518,1
859,2777100,4518,9559,28.990187,0,0,11,0,0,30564,792,1649,2746536,16,185,30,1,26301,1,50,1,1960570,1,440269,1,105153,1,209394,1,4769,1,32713,1,5591,4,40,4,65186,4,982,4,1874,8,0,0,1207,132,20,1,76688,1,862,1,2254,1,17915,2,4479,1,389431,1,38855,1,3296,1,0,0,0,0,0,0,0,0,0,1,0,1,9559,1,4518,1,17050,1,9559,1,48,1,0,0,0,0,0,0,0,1,5041,1,4518,1
860,2762900,4518,9559,28.990187,0,0,11,0,0,33718,722,1550,2729182,16,185,20,1,26381,1,120,1,1950461,1,435279,1,105123,1,207009,1,4789,1,32453,1,5551,4,40,4,65215,4,952,4,1834,8,0,0,1235,132,20,1,74534,1,862,1,2264,1,18075,2,4489,1,386796,1,36350,1,3266,1,0,0,0,0,0,0,0,0,0,1,0,1,9559,1,4518,1,17050,1,9559,1,48,1,0,0,0,0,0,0,0,1,5041,1,4518,1
861,2812500,4518,9559,28.990187,0,0,11,0,0,35175,812,1590,2777325,16,185,50,1,26221,1,60,1,1955380,1,472421,1,110764,1,207700,1,4729,1,32443,1,5571,4,30,4,65075,4,992,4,1913,8,0,0,1315,132,10,1,76718,1,862,1,2224,1,16622,2,4429,1,430901,1,28485,1,3256,1,0,0,0,0,0,0,0,0,0,1,0,1,9559,1,4518,1,17050,1,9559,1,48,1,0,0,0,0,0,0,0,1,5041,1,4518,1
862,2776300,4518,9559,28.990187,0,0,11,0,0,33572,731,1650,2742728,16,185,40,1,26100,1,50,1,1950801,1,441752,1,106205,1,213041,1,4739,1,38063,1,5581,4,30,4,65316,4,1543,4,1884,8,0,0,1777,132,10,1,74584,1,872,1,2234,1,17774,2,4419,1,409169,1,19387,1,3266,1,0,0,0,0,0,0,0,0,0,1,0,1,9559,1,4518,1,17050,1,9559,1,48,1,0,0,0,0,0,0,0,1,5041,1,4518,1
863,2760400,4518,9559,28.990187,0,0,11,0,0,32370,721,1608,2728030,16,185,40,1,26120,1,40,1,1949479,1,432945,1,105684,1,208983,1,4739,1,32873,1,5611,4,30,4,65236,4,972,4,1864,8,0,0,1227,132,20,1,76467,1,862,1,2234,1,17774,2,4318,1,391124,1,28174,1,4849,1,0,0,0,0,0,0,0,0,0,1,0,1,9559,1,4518,1,17050,1,9559,1,48,1,0,0,0,0,0,0,0,1,5041,1,4518,1
864,2762700,4518,9559,28.990187,0,0,11,0,0,30943,721,1732,2731757,16,185,30,1,26321,1,30,1,1956152,1,431863,1,105594,1,207029,1,4739,1,32272,1,5601,4,30,4,65186,4,1012,4,2014,8,0,0,1293,132,30,1,74854,1,862,1,2284,1,17814,2,4348,1,400713,1,19227,1,3266,1,0,0,0,0,0,0,0,0,0,1,0,1,9559,1,4518,1,17050,1,9559,1,48,1,0,0,0,0,0,0,0,1,5041,1,4518,1
865,2771800,4518,9559,28.990187,0,0,11,0,0,31416,711,1622,2740384,16,185,40,1,26170,1,40,1,1950661,1,443856,1,106044,1,208833,1,4739,1,32723,1,5591,4,60,4,65075,4,1012,4,1904,8,0,0,1294,132,20,1,76407,1,872,1,2234,1,17824,2,4398,1,395442,1,35368,1,3306,1,0,0,0,0,0,0,0,0,0,1,0,1,9559,1,4518,1,17050,1,9559,1,48,1,0,0,0,0,0,0,0,1,5041,1,4518,1
866,2769600,4518,9559,28.990187,0,0,11,0,0,34817,701,1691,2734783,16,185,30,1,26481,1,110,1,1956242,1,435720,1,105083,1,206378,1,4739,1,32022,1,5541,4,30,4,65185,4,1002,4,1944,8,0,0,1255,132,20,1,74444,1,862,1,2234,1,17995,2,4398,1,404941,1,17614,1,3316,1,0,0,0,0,0,0,0,0,0,1,0,1,9559,1,4518,1,17050,1,9559,1,48,1,0,0,0,0,0,0,0,1,5041,1,4518,1
867,2921400,4518,9559,28.990187,0,0,11,0,0,33271,912,1600,2888129,16,185,170,1,35849,1,80,1,2081293,1,442694,1,112597,1,210696,1,4749,1,32242,1,5521,4,60,4,64605,4,1323,4,1824,8,0,0,1546,132,20,1,77970,1,862,1,2264,1,18596,2,4499,1,410351,1,17203,1,3226,1,0,0,0,0,0,0,0,0,0,1,0,1,9559,1,4518,1,17050,1,9559,1,48,1,0,0,0,0,0,0,0,1,5041,1,4518,1
868,2923100,4518,9559,28.990187,0,0,11,0,0,30392,802,1718,2892708,16,185,40,1,32002,1,30,1,2101773,1,440940,1,106946,1,206218,1,4759,1,32032,1,5580,4,40,4,64645,4,1062,4,1843,8,0,0,1187,132,30,1,74123,1,852,1,2224,1,18496,2,4489,1,400142,1,28836,1,3256,1,0,0,0,0,0,0,0,0,0,1,0,1,9559,1,4518,1,17050,1,9559,1,48,1,0,0,0,0,0,0,0,1,5041,1,4518,1
869,2765800,4518,9559,28.990187,0,0,11,0,0,32059,782,1630,2733741,16,185,30,1,26241,1,60,1,1947114,1,441371,1,105804,1,208392,1,4729,1,32142,1,5661,4,40,4,65065,4,992,4,1874,8,0,0,1235,132,30,1,76618,1,862,1,2244,1,17684,2,4398,1,409750,1,18536,1,3306,1,0,0,0,0,0,0,0,0,0,1,0,1,9559,1,4518,1,17050,1,9559,1,48,1,0,0,0,0,0,0,0,1,5041,1,4518,1
870,2768600,4518,9559,28.990187,0,0,11,0,0,29198,671,1592,2739402,16,185,30,1,26080,1,40,1,1949840,1,445359,1,105904,1,207430,1,4719,1,32853,1,5631,4,40,4,64985,4,952,4,1914,8,0,0,1274,132,40,1,74754,1,872,1,2244,1,18085,2,4388,1,413698,1,18626,1,3276,1,0,0,0,0,0,0,0,0,0,1,0,1,9559,1,4518,1,17050,1,9559,1,48,1,0,0,0,0,0,0,0,1,5041,1,4518,1
871,2764000,4518,9559,28.990187,0,0,11,0,0,33014,721,1630,2730986,16,185,20,1,26511,1,50,1,1949800,1,435259,1,105203,1,209484,1,4659,1,32503,1,5511,4,40,4,65226,4,972,4,1914,8,0,0,1256,132,20,1,76648,1,872,1,2505,1,18095,2,4459,1,398358,1,23856,1,3256,1,0,0,0,0,0,0,0,0,0,1,0,1,9559,1,4518,1,17050,1,9559,1,48,1,0,0,0,0,0,0,0,1,5041,1,4518,1
872,2767500,4518,9559,28.990187,0,0,11,0,0,32687,741,1571,2734813,16,185,50,1,26120,1,30,1,1949659,1,442163,1,105533,1,206498,1,4759,1,32162,1,5611,4,40,4,65186,4,982,4,1844,8,0,0,1255,132,20,1,74403,1,872,1,2555,1,17674,2,4409,1,402286,1,19027,1,3767,1,0,0,0,0,0,0,0,0,0,1,0,1,9559,1,4518,1,17050,1,9559,1,48,1,0,0,0,0,0,0,0,1,5041,1,4518,1
873,2772700,4518,9559,28.990187,0,0,11,0,0,30573,801,1562,2742127,16,185,10,1,26301,1,120,1,1955420,1,441060,1,104892,1,209564,1,4759,1,32803,1,5631,4,21,4,65126,4,992,4,1874,8,0,0,1303,132,20,1,76698,1,862,1,2545,1,17854,2,4338,1,410031,1,18005,1,3296,1,0,0,0,0,0,0,0,0,0,1,0,1,9559,1,4518,1,17050,1,9559,1,48,1,0,0,0,0,0,0,0,1,5041,1,4518,1
874,2755400,4518,9559,28.990187,0,0,11,0,0,33592,702,1591,2721808,16,185,20,1,26110,1,50,1,1950341,1,427955,1,105664,1,206989,1,4679,1,32673,1,5531,4,40,4,65135,4,962,4,1874,8,0,0,1245,132,20,1,74363,1,862,1,2515,1,17824,2,4489,1,377979,1,36841,1,3286,1,0,0,0,0,0,0,0,0,0,1,0,1,9559,1,4518,1,17050,1,9559,1,48,1,0,0,0,0,0,0,0,1,5041,1,4518,1
875,2774500,4518,9559,28.990187,0,0,11,0,0,27634,722,1589,2746866,16,185,20,1,26100,1,50,1,1949910,1,442233,1,109201,1,214614,1,4739,1,38124,1,5631,4,30,4,65156,4,982,4,1843,8,0,0,1236,132,30,1,76487,1,862,1,2525,1,17824,2,4398,1,402967,1,17714,1,4298,1,0,0,0,0,0,0,0,0,0,1,0,1,9559,1,4518,1,17050,1,9559,1,48,1,0,0,0,0,0,0,0,1,5041,1,4518,1
876,2771400,4518,9559,28.990187,0,0,11,0,0,28922,791,1661,2742478,16,185,30,1,26541,1,110,1,1957615,1,440770,1,105503,1,207169,1,4739,1,32212,1,5631,4,30,4,65065,4,1012,4,1904,8,0,0,1255,132,30,1,74644,1,872,1,2535,1,17995,2,4449,1,398508,1,28996,1,3306,1,0,0,0,0,0,0,0,0,0,1,0,1,9559,1,4518,1,17050,1,9559,1,48,1,0,0,0,0,0,0,0,1,5041,1,4518,1
877,2780600,4518,9559,28.990187,0,0,11,0,0,30377,701,1590,2750223,16,185,50,1,26591,1,60,1,1956973,1,447262,1,105574,1,209003,1,4709,1,32052,1,5551,4,40,4,65136,4,952,4,1854,8,0,0,1215,132,30,1,76688,1,862,1,2615,1,18085,2,4439,1,405742,1,28415,1,3336,1,0,0,0,0,0,0,0,0,0,1,0,1,9559,1,4518,1,17050,1,9559,1,48,1,0,0,0,0,0,0,0,1,5041,1,4518,1
878,2762500,4518,9559,28.990187,0,0,11,0,0,35602,841,1583,2726898,16,185,30,1,26431,1,100,1,1959789,1,424078,1,104532,1,207200,1,4739,1,32182,1,5611,4,40,4,65116,4,992,4,1914,8,0,0,1323,132,20,1,74604,1,862,1,2495,1,18055,2,4469,1,394431,1,16582,1,3286,1,0,0,0,0,0,0,0,0,0,1,0,1,9559,1,4518,1,17050,1,9559,1,48,1,0,0,0,0,0,0,0,1,5041,1,4518,1
879,2768900,4518,9559,28.990187,0,0,11,0,0,31933,721,1620,2736967,16,185,30,1,26381,1,100,1,1949208,1,442173,1,105694,1,208642,1,4739,1,32112,1,5571,4,40,4,65096,4,1002,4,1864,8,0,0,1246,132,20,1,76688,1,872,1,2595,1,17674,2,4388,1,402015,1,28234,1,3276,1,0,0,0,0,0,0,0,0,0,1,0,1,9559,1,4518,1,17050,1,9559,1,48,1,0,0,0,0,0,0,0,1,5041,1,4518,1
880,2887100,4518,9559,28.990187,0,0,11,0,0,34770,1102,1934,2852330,16,185,150,1,29176,1,30,1,1975369,1,446221,1,137144,1,258328,1,5911,1,39406,1,8056,4,60,4,80485,4,1292,4,2274,8,0,0,1633,132,50,1,92639,1,1072,1,3727,1,22103,2,6062,1,409540,1,20590,1,4028,1,0,0,0,0,0,0,0,0,0,1,0,1,9559,1,4518,1,17050,1,9559,1,48,1,0,0,0,0,0,0,0,1,5041,1,4518,1
881,2785200,4518,9559,28.990187,0,0,11,0,0,29937,791,1610,2755263,16,185,140,1,30088,1,60,1,1969518,1,436612,1,105022,1,209093,1,4729,1,32392,1,5531,4,40,4,64705,4,962,4,1864,8,0,0,1216,132,20,1,76287,1,862,1,2485,1,18806,2,4348,1,396364,1,20039,1,4058,1,0,0,0,0,0,0,0,0,0,1,0,1,9559,1,4518,1,17050,1,9559,1,48,1,0,0,0,0,0,0,0,1,5041,1,4518,1
882,2763000,4518,9559,28.990187,0,0,11,0,0,33227,731,1531,2729773,16,185,30,1,26301,1,100,1,1944439,1,441321,1,106185,1,206658,1,4739,1,32372,1,5601,4,30,4,65055,4,972,4,1854,8,0,0,1295,132,20,1,74714,1,872,1,2595,1,17534,2,4308,1,408548,1,19427,1,3316,1,0,0,0,0,0,0,0,0,0,1,0,1,9559,1,4518,1,17050,1,9559,1,48,1,0,0,0,0,0,0,0,1,5041,1,4518,1
883,2773700,4518,9559,28.990187,0,0,11,0,0,30751,741,1630,2742949,16,185,50,1,26030,1,60,1,1951042,1,446371,1,106155,1,208502,1,4739,1,31922,1,5571,4,40,4,65256,4,952,4,1894,8,0,0,1216,132,10,1,76297,1,862,1,2515,1,17975,2,4469,1,414960,1,18325,1,3256,1,0,0,0,0,0,0,0,0,0,1,0,1,9559,1,4518,1,17050,1,9559,1,48,1,0,0,0,0,0,0,0,1,5041,1,4518,1
884,2923800,4518,9559,28.990187,0,0,11,0,0,42895,1242,2074,2880905,16,180,20,1,26601,1,50,1,1955060,1,445529,1,151262,1,296402,1,5982,1,58853,1,11312,4,50,4,84152,4,1864,4,2314,8,0,0,2104,132,40,1,100864,1,1092,1,3126,1,24046,2,7444,1,396735,1,31381,1,4118,1,0,0,0,0,0,0,0,0,0,1,0,1,9559,1,4518,1,17050,1,9559,1,48,1,0,0,0,0,0,0,0,1,5041,1,4518,1
885,2774100,4518,9559,28.990187,0,0,11,0,0,30861,821,1648,2743239,16,185,50,1,27273,1,90,1,1955300,1,440269,1,106926,1,208562,1,4769,1,32803,1,5611,4,30,4,64805,4,992,4,1854,8,0,0,1197,132,20,1,76497,1,862,1,2244,1,17634,2,4388,1,408648,1,18235,1,3306,1,0,0,0,0,0,0,0,0,0,1,0,1,9559,1,4518,1,17050,1,9559,1,48,1,0,0,0,0,0,0,0,1,5041,1,4518,1
886,2764100,4518,9559,28.990187,0,0,11,0,0,31712,761,1700,2732388,16,185,40,1,26461,1,60,1,1946533,1,441652,1,105473,1,207470,1,4699,1,33234,1,5621,4,40,4,65055,4,1012,4,1914,8,0,0,1226,132,20,1,74594,1,862,1,2224,1,17724,2,4409,1,409930,1,18556,1,3266,1,0,0,0,0,0,0,0,0,0,1,0,1,9559,1,4518,1,17050,1,9559,1,48,1,0,0,0,0,0,0,0,1,5041,1,4518,1
887,2772500,4518,9559,28.990187,0,0,11,0,0,29261,761,1660,2743239,16,185,10,1,26170,1,40,1,1950180,1,447954,1,104962,1,209153,1,4769,1,32412,1,5651,4,40,4,65025,4,1012,4,1884,8,0,0,1235,132,30,1,77069,1,872,1,2244,1,17774,2,4378,1,417355,1,17554,1,3266,1,0,0,0,0,0,0,0,0,0,1,0,1,9559,1,4518,1,17050,1,9559,1,48,1,0,0,0,0,0,0,0,1,5041,1,4518,1
888,2806000,4518,9559,28.990187,0,0,11,0,0,28815,751,1602,2777185,16,185,10,1,26461,1,60,1,1953927,1,468383,1,110814,1,212800,1,4729,1,37783,1,5581,4,40,4,64915,4,1012,4,1904,8,0,0,1313,132,20,1,75285,1,872,1,2254,1,18015,2,4368,1,437463,1,17804,1,3296,1,0,0,0,0,0,0,0,0,0,1,0,1,9559,1,4518,1,17050,1,9559,1,48,1,0,0,0,0,0,0,0,1,5041,1,4518,1
889,2782200,4518,9559,28.990187,0,0,11,0,0,31677,712,1591,2750523,16,185,20,1,26441,1,60,1,1949779,1,455498,1,105594,1,208372,1,4759,1,31912,1,5561,4,40,4,65106,4,962,4,1924,8,0,0,1294,132,20,1,76988,1,872,1,2244,1,17644,2,4388,1,412866,1,29697,1,3306,1,0,0,0,0,0,0,0,0,0,1,0,1,9559,1,4518,1,17050,1,9559,1,48,1,0,0,0,0,0,0,0,1,5041,1,4518,1
890,2764800,4518,9559,28.990187,0,0,11,0,0,33303,691,1631,2731497,16,185,30,1,26601,1,90,1,1949449,1,437584,1,105443,1,207560,1,4739,1,32893,1,5581,4,30,4,65135,4,952,4,1924,8,0,0,1245,132,20,1,74955,1,872,1,2244,1,17874,2,4388,1,405211,1,19057,1,3306,1,0,0,0,0,0,0,0,0,0,1,0,1,9559,1,4518,1,17050,1,9559,1,48,1,0,0,0,0,0,0,0,1,5041,1,4518,1
891,2765200,4518,9559,28.990187,0,0,11,0,0,30046,802,1631,2735154,16,185,20,1,25970,1,60,1,1953547,1,436542,1,105764,1,208512,1,4739,1,32202,1,5581,4,50,4,65156,4,1022,4,1883,8,0,0,1275,132,30,1,76598,1,862,1,2254,1,17674,2,4398,1,406494,1,18055,1,3296,1,0,0,0,0,0,0,0,0,0,1,0,1,9559,1,4518,1,17050,1,9559,1,48,1,0,0,0,0,0,0,0,1,5041,1,4518,1
892,2775800,4518,9559,28.990187,0,0,11,0,0,38883,731,1629,2736917,16,185,30,1,26160,1,40,1,1948898,1,444888,1,106014,1,206097,1,4789,1,32202,1,5621,4,50,4,64915,4,972,4,1864,8,0,0,1207,132,20,1,74383,1,862,1,2234,1,17834,2,4409,1,391405,1,40428,1,3276,1,0,0,0,0,0,0,0,0,0,1,0,1,9559,1,4518,1,17050,1,9559,1,48,1,0,0,0,0,0,0,0,1,5041,1,4518,1
893,2875500,4518,9559,28.990187,0,0,11,0,0,42863,942,1894,2832637,16,185,100,1,34476,1,50,1,1966542,1,440404,1,126774,1,258458,1,5831,1,39546,1,7855,4,50,4,80866,4,1172,4,2565,8,0,0,1844,132,20,1,94843,1,1072,1,2765,1,20980,2,5781,1,398112,1,25569,1,5150,1,0,0,0,0,0,0,0,0,0,1,0,1,9559,1,4518,1,17050,1,9559,1,48,1,0,0,0,0,0,0,0,1,5041,1,4518,1
894,2832500,4518,9559,28.990187,0,0,11,0,0,34345,711,1601,2798155,16,185,30,1,31531,1,70,1,2029814,1,422084,1,104762,1,205126,1,4739,1,32322,1,5531,4,40,4,64755,4,982,4,1874,8,0,0,1255,132,20,1,74093,1,862,1,2274,1,17213,2,4449,1,382738,1,26170,1,3256,1,0,0,0,0,0,0,0,0,0,1,0,1,9559,1,4518,1,17050,1,9559,1,48,1,0,0,0,0,0,0,0,1,5041,1,4518,1
895,2796600,4518,9559,28.990187,0,0,11,0,0,36979,692,1718,2759621,16,185,10,1,26150,1,50,1,1965099,1,445820,1,106365,1,211378,1,4749,1,33444,1,5631,4,40,4,65015,4,992,4,1903,8,0,0,1177,132,30,1,77249,1,862,1,2926,1,18145,2,4449,1,405572,1,27092,1,3266,1,0,0,0,0,0,0,0,0,0,1,0,1,9559,1,4518,1,17050,1,9559,1,48,1,0,0,0,0,0,0,0,1,5041,1,4518,1
896,2765500,4518,9559,28.990187,0,0,11,0,0,32060,782,1581,2733440,16,185,10,1,26110,1,40,1,1949499,1,439497,1,105654,1,207851,1,4779,1,32783,1,5591,4,40,4,65176,4,962,4,1874,8,0,0,1254,132,10,1,75125,1,862,1,2254,1,17955,2,4439,1,398739,1,28264,1,3326,1,0,0,0,0,0,0,0,0,0,1,0,1,9559,1,4518,1,17050,1,9559,1,48,1,0,0,0,0,0,0,0,1,5041,1,4518,1
897,2945000,4518,9559,28.990187,0,0,11,0,0,38596,811,1611,2906404,16,185,200,1,32883,1,80,1,2092034,1,454587,1,112026,1,209845,1,4749,1,31992,1,5511,4,50,4,64564,4,1153,4,2395,8,0,0,1936,132,30,1,76908,1,862,1,2274,1,18766,2,4529,1,413056,1,26591,1,3256,1,0,0,0,0,0,0,0,0,0,1,0,1,9559,1,4518,1,17050,1,9559,1,48,1,0,0,0,0,0,0,0,1,5041,1,4518,1
898,2917700,4518,9559,28.990187,0,0,11,0,0,31134,811,1618,2886566,16,185,60,1,31601,1,130,1,2099378,1,437904,1,106395,1,206398,1,4699,1,32262,1,5601,4,30,4,64685,4,992,4,1834,8,0,0,1207,132,0,1,74053,1,862,1,2234,1,18536,2,4499,1,397557,1,19878,1,4228,1,0,0,0,0,0,0,0,0,0,1,0,1,9559,1,4518,1,17050,1,9559,1,48,1,0,0,0,0,0,0,0,1,5041,1,4518,1
899,2755000,4518,9559,28.990187,0,0,11,0,0,30687,711,1671,2724313,16,185,10,1,26251,1,60,1,1944529,1,434919,1,105173,1,208602,1,4769,1,32663,1,5570,4,30,4,64745,4,982,4,1924,8,0,0,1235,132,10,1,76538,1,872,1,2264,1,17794,2,4499,1,403608,1,17995,1,3236,1,0,0,0,0,0,0,0,0,0,1,0,1,9559,1,4518,1,17050,1,9559,1,48,1,0,0,0,0,0,0,0,1,5041,1,4518,1
900,2776400,4518,9559,28.990187,0,0,11,0,0,30526,702,1598,2745874,16,185,10,1,26221,1,40,1,1949820,1,445319,1,104892,1,214804,1,4769,1,40568,1,5600,4,40,4,65366,4,952,4,1843,8,0,0,1197,132,20,1,74584,1,862,1,2244,1,17544,2,4479,1,414279,1,17854,1,3316,1,0,0,0,0,0,0,0,0,0,1,0,1,9559,1,4518,1,17050,1,9559,1,48,1,0,0,0,0,0,0,0,1,5041,1,4518,1
901,2758600,4518,9559,28.990187,0,0,11,0,0,30530,672,1561,2728070,16,185,10,1,26080,1,30,1,1948697,1,434638,1,105193,1,208672,1,4749,1,32473,1,5641,4,30,4,64985,4,972,4,1874,8,0,0,1285,132,20,1,76858,1,872,1,2264,1,17624,2,4388,1,403027,1,18596,1,3316,1,0,0,0,0,0,0,0,0,0,1,0,1,9559,1,4518,1,17050,1,9559,1,48,1,0,0,0,0,0,0,0,1,5041,1,4518,1
902,2765100,4518,9559,28.990187,0,0,11,0,0,30066,731,1699,2735034,16,185,50,1,26471,1,60,1,1955631,1,436321,1,104952,1,206799,1,4749,1,32042,1,5561,4,30,4,65216,4,1002,4,1904,8,0,0,1207,132,20,1,74644,1,862,1,2244,1,17985,2,4559,1,395843,1,27383,1,3266,1,0,0,0,0,0,0,0,0,0,1,0,1,9559,1,4518,1,17050,1,9559,1,48,1,0,0,0,0,0,0,0,1,5041,1,4518,1
903,2757900,4518,9559,28.990187,0,0,11,0,0,30040,701,1667,2727860,16,185,10,1,26401,1,40,1,1949940,1,433596,1,104922,1,208171,1,4779,1,32102,1,5591,4,50,4,64955,4,982,4,1834,8,0,0,1148,132,10,1,76337,1,862,1,2274,1,18035,2,4439,1,402606,1,17854,1,3266,1,0,0,0,0,0,0,0,0,0,1,0,1,9559,1,4518,1,17050,1,9559,1,48,1,0,0,0,0,0,0,0,1,5041,1,4518,1
904,2779300,4518,9559,28.990187,0,0,11,0,0,31853,700,1552,2747447,16,185,10,1,26782,1,30,1,1955030,1,449547,1,104922,1,206408,1,4719,1,32392,1,5611,4,50,4,65025,4,1022,4,1814,8,0,0,1285,132,10,1,74564,1,872,1,2264,1,17664,2,4419,1,419890,1,17634,1,3276,1,0,0,0,0,0,0,0,0,0,1,0,1,9559,1,4518,1,17050,1,9559,1,48,1,0,0,0,0,0,0,0,1,5041,1,4518,1
905,2765300,4518,9559,28.990187,0,0,11,0,0,28393,721,1623,2736907,16,185,20,1,26301,1,60,1,1955210,1,430510,1,106075,1,214043,1,4689,1,37733,1,5631,4,60,4,65146,4,972,4,1904,8,0,0,1253,132,20,1,76467,1,862,1,2244,1,17844,2,4439,1,388579,1,28816,1,3296,1,0,0,0,0,0,0,0,0,0,1,0,1,9559,1,4518,1,17050,1,9559,1,48,1,0,0,0,0,0,0,0,1,5041,1,4518,1
906,2776000,4518,9559,28.990187,0,0,11,0,0,30146,721,1572,2745854,16,185,70,1,26301,1,70,1,1958196,1,444166,1,105754,1,206568,1,4729,1,32402,1,5651,4,40,4,65186,4,1012,4,1854,8,0,0,1294,132,30,1,74614,1,862,1,2314,1,17494,2,4388,1,413397,1,17484,1,3296,1,0,0,0,0,0,0,0,0,0,1,0,1,9559,1,4518,1,17050,1,9559,1,48,1,0,0,0,0,0,0,0,1,5041,1,4518,1
907,2757500,4518,9559,28.990187,0,0,11,0,0,29420,831,1640,2728080,16,185,30,1,26381,1,60,1,1950761,1,432604,1,104962,1,208552,1,4729,1,32252,1,5570,4,30,4,64995,4,1022,4,1854,8,0,0,1235,132,10,1,76558,1,872,1,2234,1,17874,2,4449,1,401915,1,17574,1,3256,1,0,0,0,0,0,0,0,0,0,1,0,1,9559,1,4518,1,17050,1,9559,1,48,1,0,0,0,0,0,0,0,1,5041,1,4518,1
908,2775900,4518,9559,28.990187,0,0,11,0,0,30326,651,1720,2745574,16,185,10,1,26531,1,110,1,1950331,1,451160,1,105423,1,207270,1,4739,1,32653,1,5651,4,40,4,65055,4,1032,4,1954,8,0,0,1265,132,20,1,74714,1,862,1,2355,1,17925,2,4358,1,410872,1,28285,1,3276,1,0,0,0,0,0,0,0,0,0,1,0,1,9559,1,4518,1,17050,1,9559,1,48,1,0,0,0,0,0,0,0,1,5041,1,4518,1
909,2771800,4518,9559,28.990187,0,0,11,0,0,32057,752,1677,2739743,16,185,30,1,26471,1,40,1,1953206,1,440369,1,105844,1,209023,1,4759,1,32493,1,5511,4,40,4,65146,4,992,4,1874,8,0,0,1188,132,20,1,76768,1,872,1,2304,1,17784,2,4469,1,409480,1,17574,1,3306,1,0,0,0,0,0,0,0,0,0,1,0,1,9559,1,4518,1,17050,1,9559,1,48,1,0,0,0,0,0,0,0,1,5041,1,4518,1
910,2903300,4518,9559,28.990187,0,0,11,0,0,37820,1092,2014,2865480,16,185,180,1,29457,1,60,1,1977733,1,445984,1,139248,1,267877,1,4940,1,39546,1,8136,4,70,4,80525,4,1313,4,2555,8,0,0,1854,132,40,1,100744,1,1122,1,2916,1,21992,2,7825,1,408542,1,20189,1,4078,1,0,0,0,0,0,0,0,0,0,1,0,1,9559,1,4518,1,17050,1,9559,1,48,1,0,0,0,0,0,0,0,1,5041,1,4518,1
911,2777000,4518,9559,28.990187,0,0,11,0,0,30003,842,1640,2746997,16,185,30,1,26601,1,110,1,1967904,1,434618,1,105113,1,207901,1,4719,1,31932,1,5581,4,30,4,64644,4,1002,4,1864,8,0,0,1226,132,30,1,75966,1,862,1,2224,1,18546,2,4378,1,392988,1,28355,1,3306,1,0,0,0,0,0,0,0,0,0,1,0,1,9559,1,4518,1,17050,1,9559,1,48,1,0,0,0,0,0,0,0,1,5041,1,4518,1
912,2777300,4518,9559,28.990187,0,0,11,0,0,34902,662,1691,2742398,16,185,30,1,26281,1,80,1,1955360,1,444136,1,104772,1,207009,1,4729,1,32282,1,5581,4,30,4,65145,4,1022,4,1923,8,0,0,1254,132,20,1,74784,1,872,1,2345,1,17915,2,4429,1,404300,1,26631,1,3306,1,0,0,0,0,0,0,0,0,0,1,0,1,9559,1,4518,1,17050,1,9559,1,48,1,0,0,0,0,0,0,0,1,5041,1,4518,1
913,2785500,4518,9559,28.990187,0,0,11,0,0,32442,761,1572,2753058,16,185,30,1,25980,1,60,1,1949739,1,459065,1,104572,1,208883,1,4729,1,32643,1,5591,4,30,4,64935,4,992,4,1874,8,0,0,1294,132,20,1,76508,1,862,1,2244,1,17965,2,4459,1,418126,1,18766,1,3697,1,0,0,0,0,0,0,0,0,0,1,0,1,9559,1,4518,1,17050,1,9559,1,48,1,0,0,0,0,0,0,0,1,5041,1,4518,1
914,2768500,4518,9559,28.990187,0,0,11,0,0,30771,771,1601,2737729,16,185,40,1,26331,1,50,1,1949469,1,444557,1,106555,1,206087,1,4639,1,31891,1,5621,4,40,4,64895,4,952,4,1884,8,0,0,1235,132,30,1,74554,1,872,1,2244,1,17844,2,4489,1,403137,1,28355,1,3276,1,0,0,0,0,0,0,0,0,0,1,0,1,9559,1,4518,1,17050,1,9559,1,48,1,0,0,0,0,0,0,0,1,5041,1,4518,1
915,2775100,4518,9559,28.990187,0,0,11,0,0,32001,692,1669,2743099,16,185,20,1,26431,1,40,1,1950551,1,445639,1,106305,1,209404,1,4709,1,32803,1,5761,4,40,4,65085,4,1042,4,1863,8,0,0,1237,132,30,1,76698,1,872,1,2284,1,17684,2,4549,1,404410,1,20790,1,4569,1,0,0,0,0,0,0,0,0,0,1,0,1,9559,1,4518,1,17050,1,9559,1,48,1,0,0,0,0,0,0,0,1,5041,1,4518,1
916,2764300,4518,9559,28.990187,0,0,11,0,0,28876,701,1571,2735424,16,185,30,1,25339,1,50,1,1949739,1,443255,1,105614,1,206679,1,4719,1,32613,1,5531,4,30,4,65136,4,992,4,1874,8,0,0,1295,132,30,1,74454,1,862,1,2555,1,17444,2,4459,1,413387,1,17754,1,3296,1,0,0,0,0,0,0,0,0,0,1,0,1,9559,1,4518,1,17050,1,9559,1,48,1,0,0,0,0,0,0,0,1,5041,1,4518,1
917,2776000,4518,9559,28.990187,0,0,11,0,0,29965,692,1591,2746035,16,185,10,1,26110,1,30,1,1951403,1,448916,1,105794,1,208963,1,4809,1,32132,1,5611,4,40,4,65096,4,1022,4,1844,8,0,0,1275,132,30,1,76538,1,872,1,2555,1,17965,2,4569,1,396965,1,39877,1,3276,1,0,0,0,0,0,0,0,0,0,1,0,1,9559,1,4518,1,17050,1,9559,1,48,1,0,0,0,0,0,0,0,1,5041,1,4518,1
918,2773000,4518,9559,28.990187,0,0,11,0,0,28478,742,1572,2744522,16,185,30,1,26531,1,40,1,1950571,1,439868,1,109802,1,212951,1,4729,1,38244,1,5601,4,40,4,65225,4,982,4,1874,8,0,0,1284,132,30,1,74584,1,862,1,2495,1,17854,2,4419,1,408949,1,17925,1,3276,1,0,0,0,0,0,0,0,0,0,1,0,1,9559,1,4518,1,17050,1,9559,1,48,1,0,0,0,0,0,0,0,1,5041,1,4518,1
919,2770500,4518,9559,28.990187,0,0,11,0,0,29505,691,1708,2740995,16,185,10,1,26641,1,40,1,1949689,1,445679,1,105724,1,208442,1,4769,1,32152,1,5580,4,30,4,65035,4,1002,4,1894,8,0,0,1187,132,10,1,76447,1,862,1,2545,1,17854,2,4338,1,414048,1,19618,1,3296,1,0,0,0,0,0,0,0,0,0,1,0,1,9559,1,4518,1,17050,1,9559,1,48,1,0,0,0,0,0,0,0,1,5041,1,4518,1
920,2760900,4518,9559,28.990187,0,0,11,0,0,30656,722,1631,2730244,16,185,40,1,26311,1,40,1,1950090,1,436522,1,105533,1,206979,1,4729,1,32563,1,5661,4,40,4,64885,4,972,4,1954,8,0,0,1294,132,30,1,74554,1,862,1,2545,1,17804,2,4388,1,395653,1,28745,1,3296,1,0,0,0,0,0,0,0,0,0,1,0,1,9559,1,4518,1,17050,1,9559,1,48,1,0,0,0,0,0,0,0,1,5041,1,4518,1
921,2773000,4518,9559,28.990187,0,0,11,0,0,31414,632,1689,2741586,16,185,20,1,25870,1,30,1,1955701,1,440640,1,105313,1,209304,1,4709,1,32222,1,5621,4,40,4,65055,4,992,4,1864,8,0,0,1167,132,20,1,76968,1,862,1,2535,1,17965,2,4529,1,410141,1,17333,1,3286,1,0,0,0,0,0,0,0,0,0,1,0,1,9559,1,4518,1,17050,1,9559,1,48,1,0,0,0,0,0,0,0,1,5041,1,4518,1
922,2773000,4518,9559,28.990187,0,0,11,0,0,28939,691,1767,2744061,16,185,10,1,26411,1,60,1,1950531,1,450048,1,105483,1,206799,1,4719,1,32122,1,5611,4,50,4,65096,4,982,4,1944,8,0,0,1159,132,20,1,74614,1,862,1,2515,1,17824,2,4469,1,407466,1,29577,1,3276,1,0,0,0,0,0,0,0,0,0,1,0,1,9559,1,4518,1,17050,1,9559,1,48,1,0,0,0,0,0,0,0,1,5041,1,4518,1
923,2880100,4518,9559,28.990187,0,0,11,0,0,46677,962,1552,2833423,16,185,170,1,35749,1,80,1,2023993,1,446260,1,112908,1,209504,1,4759,1,31871,1,5451,4,70,4,64474,4,1061,4,2265,8,0,0,1774,132,40,1,77700,1,862,1,2264,1,18005,2,4479,1,402256,1,29547,1,3236,1,0,0,0,0,0,0,0,0,0,1,0,1,9559,1,4518,1,17050,1,9559,1,48,1,0,0,0,0,0,0,0,1,5041,1,4518,1
924,2943800,4518,9559,28.990187,0,0,11,0,0,33108,912,1630,2910692,16,185,190,1,33254,1,60,1,2118966,1,435299,1,112647,1,205546,1,4729,1,32002,1,5541,4,70,4,64414,4,1072,4,1874,8,0,0,1316,132,40,1,74333,1,872,1,2284,1,17664,2,4469,1,391815,1,28365,1,3246,1,0,0,0,0,0,0,0,0,0,1,0,1,9559,1,4518,1,17050,1,9559,1,48,1,0,0,0,0,0,0,0,1,5041,1,4518,1
925,3002400,4518,9559,28.990187,0,0,11,0,0,35139,772,1580,2967261,16,185,70,1,32513,1,60,1,2171998,1,442223,1,106866,1,208783,1,4749,1,31982,1,5541,4,50,4,64795,4,1001,4,1884,8,0,0,1305,132,20,1,76678,1,862,1,2304,1,18395,2,4499,1,409229,1,18746,1,3236,1,0,0,0,0,0,0,0,0,0,1,0,1,9559,1,4518,1,17050,1,9559,1,48,1,0,0,0,0,0,0,0,1,5041,1,4518,1
926,2755200,4518,9559,28.990187,0,0,11,0,0,34634,771,1610,2720566,16,185,40,1,25890,1,40,1,1944860,1,432744,1,105904,1,206388,1,4699,1,32613,1,5581,4,40,4,64725,4,1012,4,1854,8,0,0,1256,132,20,1,74273,1,862,1,2204,1,17985,2,4449,1,399450,1,19808,1,3276,1,0,0,0,0,0,0,0,0,0,1,0,1,9559,1,4518,1,17050,1,9559,1,48,1,0,0,0,0,0,0,0,1,5041,1,4518,1
927,2986300,4518,9559,28.990187,0,0,11,0,0,34819,702,1608,2951481,16,185,90,1,32473,1,40,1,2147571,1,447312,1,111204,1,208051,1,4739,1,31821,1,5490,4,40,4,64575,4,1072,4,1813,8,0,0,1277,132,30,1,76227,1,852,1,2194,1,18856,2,4378,1,413948,1,18696,1,3246,1,0,0,0,0,0,0,0,0,0,1,0,1,9559,1,4518,1,17050,1,9559,1,48,1,0,0,0,0,0,0,0,1,5041,1,4518,1
928,3036200,4518,9559,28.990187,0,0,11,0,0,34602,721,1671,3001598,16,185,40,1,32332,1,140,1,2208949,1,444146,1,105063,1,206238,1,4689,1,31891,1,5601,4,40,4,64765,4,992,4,1904,8,0,0,1225,132,20,1,74113,1,862,1,2274,1,18646,2,4409,1,415181,1,16752,1,3256,1,0,0,0,0,0,0,0,0,0,1,0,1,9559,1,4518,1,17050,1,9559,1,48,1,0,0,0,0,0,0,0,1,5041,1,4518,1
929,2769400,4518,9559,28.990187,0,0,11,0,0,32954,711,1690,2736446,16,185,20,1,25870,1,100,1,1944249,1,448625,1,105373,1,207480,1,4729,1,32683,1,5621,4,30,4,64615,4,1022,4,1894,8,0,0,1226,132,20,1,75666,1,872,1,2274,1,17724,2,4348,1,416904,1,18436,1,3286,1,0,0,0,0,0,0,0,0,0,1,0,1,9559,1,4518,1,17050,1,9559,1,48,1,0,0,0,0,0,0,0,1,5041,1,4518,1
930,2755500,4518,9559,28.990187,0,0,11,0,0,33562,761,1668,2721938,16,185,90,1,26060,1,20,1,1957544,1,421823,1,105333,1,206438,1,4629,1,32332,1,5551,4,30,4,64975,4,952,4,1904,8,0,0,1187,132,10,1,74474,1,872,1,2254,1,17864,2,4459,1,378540,1,31290,1,3276,1,0,0,0,0,0,0,0,0,0,1,0,1,9559,1,4518,1,17050,1,9559,1,48,1,0,0,0,0,0,0,0,1,5041,1,4518,1
931,2767100,4518,9559,28.990187,0,0,11,0,0,32668,731,1580,2734432,16,185,30,1,25780,1,50,1,1950000,1,439477,1,106085,1,208282,1,4729,1,32453,1,5631,4,30,4,65065,4,982,4,1874,8,0,0,1276,132,20,1,76427,1,872,1,2274,1,17514,2,4409,1,387477,1,39727,1,3276,1,0,0,0,0,0,0,0,0,0,1,0,1,9559,1,4518,1,17050,1,9559,1,48,1,0,0,0,0,0,0,0,1,5041,1,4518,1
932,2753500,4518,9559,28.990187,0,0,11,0,0,31672,691,1550,2721828,16,185,10,1,26120,1,40,1,1948858,1,429668,1,105814,1,206588,1,4729,1,32152,1,5651,4,40,4,65106,4,972,4,1824,8,0,0,1246,132,20,1,74484,1,872,1,2244,1,17895,2,4639,1,394541,1,22343,1,3316,1,0,0,0,0,0,0,0,0,0,1,0,1,9559,1,4518,1,17050,1,9559,1,48,1,0,0,0,0,0,0,0,1,5041,1,4518,1
933,2775100,4518,9559,28.990187,0,0,11,0,0,32732,681,1633,2742368,16,185,20,1,25730,1,50,1,1950761,1,446581,1,105834,1,208652,1,4739,1,32493,1,5681,4,30,4,65025,4,992,4,1964,8,0,0,1323,132,30,1,76207,1,872,1,2294,1,17984,2,4398,1,416032,1,17333,1,3266,1,0,0,0,0,0,0,0,0,0,1,0,1,9559,1,4518,1,17050,1,9559,1,48,1,0,0,0,0,0,0,0,1,5041,1,4518,1
934,2759500,4518,9559,28.990187,0,0,11,0,0,32813,751,1678,2726687,16,185,50,1,26431,1,40,1,1950130,1,432063,1,105754,1,207440,1,4779,1,32853,1,5590,4,41,4,65196,4,1032,4,1864,8,0,0,1217,132,20,1,74624,1,862,1,2495,1,17574,2,4539,1,401654,1,17283,1,3256,1,0,0,0,0,0,0,0,0,0,1,0,1,9559,1,4518,1,17050,1,9559,1,48,1,0,0,0,0,0,0,0,1,5041,1,4518,1
935,2775200,4518,9559,28.990187,0,0,11,0,0,33724,741,1570,2741476,16,185,10,1,26190,1,130,1,1953978,1,438285,1,110804,1,207350,1,4729,1,31821,1,5631,4,30,4,65146,4,952,4,1864,8,0,0,1245,132,30,1,76007,1,852,1,2324,1,17584,2,4368,1,393569,1,31631,1,3296,1,0,0,0,0,0,0,0,0,0,1,0,1,9559,1,4518,1,17050,1,9559,1,48,1,0,0,0,0,0,0,0,1,5041,1,4518,1
936,2762500,4518,9559,28.990187,0,0,11,0,0,32536,852,1641,2729964,16,185,20,1,26241,1,110,1,1949689,1,436361,1,105333,1,207470,1,4739,1,32362,1,5631,4,40,4,65166,4,972,4,2335,8,0,0,1665,132,10,1,74744,1,862,1,2234,1,17804,2,4459,1,392948,1,30238,1,3266,1,0,0,0,0,0,0,0,0,0,1,0,1,9559,1,4518,1,17050,1,9559,1,48,1,0,0,0,0,0,0,0,1,5041,1,4518,1
937,2755400,4518,9559,28.990187,0,0,11,0,0,30336,721,1687,2725064,16,185,30,1,25980,1,50,1,1950250,1,430280,1,105223,1,208472,1,4779,1,32523,1,5591,4,40,4,65085,4,932,4,1903,8,0,0,1149,132,30,1,76217,1,852,1,2264,1,17925,2,4388,1,391946,1,21371,1,3627,1,0,0,0,0,0,0,0,0,0,1,0,1,9559,1,4518,1,17050,1,9559,1,48,1,0,0,0,0,0,0,0,1,5041,1,4518,1
938,2760000,4518,9559,28.990187,0,0,11,0,0,30016,710,1689,2729984,16,185,10,1,26251,1,60,1,1949900,1,437954,1,104632,1,206458,1,4719,1,32262,1,5581,4,11,4,64995,4,1002,4,1914,8,0,0,1226,132,20,1,74403,1,862,1,2274,1,17995,2,4429,1,398047,1,28024,1,3266,1,0,0,0,0,0,0,0,0,0,1,0,1,9559,1,4518,1,17050,1,9559,1,48,1,0,0,0,0,0,0,0,1,5041,1,4518,1
939,2798200,4518,9559,28.990187,0,0,11,0,0,29461,901,1981,2768739,16,185,20,1,26541,1,20,1,1955490,1,444677,1,105093,1,232148,1,4749,1,32342,1,5591,4,30,4,74013,4,1022,4,2314,8,0,0,1355,132,10,1,86867,1,872,1,2234,1,21471,2,4479,1,401634,1,29787,1,3306,1,0,0,0,0,0,0,0,0,0,1,0,1,9559,1,4518,1,17050,1,9559,1,48,1,0,0,0,0,0,0,0,1,5041,1,4518,1
940,3002600,4518,9559,28.990187,0,0,11,0,0,44576,1112,2034,2958024,16,185,140,1,37522,1,80,1,2056094,1,455358,1,139780,1,263137,1,5911,1,40318,1,8496,4,80,4,81167,4,1693,4,2335,8,0,0,1994,132,20,1,94893,1,1072,1,2946,1,22864,2,6142,1,413778,1,23375,1,4048,1,0,0,0,0,0,0,0,0,0,1,0,1,9559,1,4518,1,17050,1,9559,1,48,1,0,0,0,0,0,0,0,1,5041,1,4518,1
941,2835000,4518,9559,28.990187,0,0,11,0,0,30212,732,1727,2804788,16,185,60,1,30318,1,80,1,2032739,1,423957,1,104331,1,208562,1,4739,1,32753,1,5561,4,40,4,64755,4,1012,4,1874,8,0,0,1158,132,20,1,76427,1,862,1,2234,1,17794,2,4499,1,382277,1,28515,1,3266,1,0,0,0,0,0,0,0,0,0,1,0,1,9559,1,4518,1,17050,1,9559,1,48,1,0,0,0,0,0,0,0,1,5041,1,4518,1
942,2755200,4518,9559,28.990187,0,0,11,0,0,29715,642,1639,2725485,16,185,20,1,24527,1,120,1,1944269,1,441000,1,104832,1,205947,1,4769,1,31881,1,5601,4,40,4,65085,4,1032,4,1834,8,0,0,1226,132,20,1,74504,1,862,1,2234,1,17764,2,4449,1,410822,1,18115,1,3266,1,0,0,0,0,0,0,0,0,0,1,0,1,9559,1,4518,1,17050,1,9559,1,48,1,0,0,0,0,0,0,0,1,5041,1,4518,1
943,2769500,4518,9559,28.990187,0,0,11,0,0,29256,812,1708,2740244,16,185,30,1,24888,1,90,1,1949639,1,446611,1,105363,1,208893,1,4729,1,32573,1,5631,4,30,4,65136,4,992,4,1894,8,0,0,1178,132,20,1,76307,1,852,1,2345,1,17884,2,4419,1,405772,1,27713,1,3296,1,0,0,0,0,0,0,0,0,0,1,0,1,9559,1,4518,1,17050,1,9559,1,48,1,0,0,0,0,0,0,0,1,5041,1,4518,1
944,2822100,4518,9559,28.990187,0,0,11,0,0,33844,822,1629,2788256,16,185,160,1,27182,1,50,1,1981962,1,452703,1,110613,1,210847,1,4739,1,32392,1,5601,4,70,4,64564,4,1042,4,1874,8,0,0,1287,132,30,1,77780,1,872,1,2234,1,19117,2,4449,1,420801,1,18345,1,3236,1,0,0,0,0,0,0,0,0,0,1,0,1,9559,1,4518,1,17050,1,9559,1,48,1,0,0,0,0,0,0,0,1,5041,1,4518,1
945,2807500,4518,9559,28.990187,0,0,11,0,0,39092,782,1649,2768408,16,185,40,1,32543,1,50,1,1989155,1,429749,1,104141,1,207981,1,4749,1,32042,1,5631,4,40,4,64915,4,992,4,1894,8,0,0,1236,132,20,1,76287,1,862,1,2234,1,17864,2,4419,1,399210,1,16582,1,3286,1,0,0,0,0,0,0,0,0,0,1,0,1,9559,1,4518,1,17050,1,9559,1,48,1,0,0,0,0,0,0,0,1,5041,1,4518,1
946,2728100,4518,9559,28.990187,0,0,11,0,0,30619,741,1671,2697481,16,185,100,1,26050,1,60,1,1956332,1,394220,1,105614,1,210386,1,4719,1,34426,1,5641,4,40,4,65246,4,1052,4,1884,8,0,0,1265,132,20,1,74975,1,872,1,2254,1,18776,2,4459,1,359363,1,21091,1,3286,1,0,0,0,0,0,0,0,0,0,1,0,1,9559,1,4518,1,17050,1,9559,1,48,1,0,0,0,0,0,0,0,1,5041,1,4518,1
947,2747900,4518,9559,28.990187,0,0,11,0,0,30370,721,1719,2717530,16,185,20,1,25980,1,100,1,1949810,1,420090,1,106024,1,210736,1,4769,1,33765,1,5581,4,40,4,64985,4,1012,4,1894,8,0,0,1187,132,20,1,76788,1,872,1,2284,1,18305,2,4469,1,389822,1,18065,1,3296,1,0,0,0,0,0,0,0,0,0,1,0,1,9559,1,4518,1,17050,1,9559,1,48,1,0,0,0,0,0,0,0,1,5041,1,4518,1
948,2753300,4518,9559,28.990187,0,0,11,0,0,32714,771,1523,2720586,16,185,20,1,26732,1,60,1,1955661,1,420020,1,106365,1,206919,1,4809,1,32813,1,5601,4,40,4,64995,4,1022,4,1834,8,0,0,1333,132,40,1,74423,1,872,1,2264,1,17884,2,4358,1,387417,1,19478,1,3306,1,0,0,0,0,0,0,0,0,0,1,0,1,9559,1,4518,1,17050,1,9559,1,48,1,0,0,0,0,0,0,0,1,5041,1,4518,1
949,2746700,4518,9559,28.990187,0,0,11,0,0,28619,812,1592,2718081,16,185,20,1,26221,1,60,1,1950882,1,421903,1,104942,1,209314,1,4739,1,32593,1,5581,4,40,4,65085,4,1022,4,1854,8,0,0,1284,132,20,1,76247,1,862,1,2505,1,18265,2,4429,1,390363,1,18405,1,3266,1,0,0,0,0,0,0,0,0,0,1,0,1,9559,1,4518,1,17050,1,9559,1,48,1,0,0,0,0,0,0,0,1,5041,1,4518,1
950,2763900,4518,9559,28.990187,0,0,11,0,0,31241,761,1631,2732659,16,185,10,1,26491,1,120,1,1949850,1,438906,1,104952,1,207620,1,4709,1,32583,1,5591,4,40,4,65055,4,992,4,1884,8,0,0,1244,132,10,1,74844,1,862,1,2505,1,18055,2,4439,1,408738,1,18255,1,3316,1,0,0,0,0,0,0,0,0,0,1,0,1,9559,1,4518,1,17050,1,9559,1,48,1,0,0,0,0,0,0,0,1,5041,1,4518,1
951,2769700,4518,9559,28.990187,0,0,11,0,0,31871,722,1651,2737829,16,185,10,1,25669,1,100,1,1962504,1,431462,1,103590,1,209724,1,4769,1,32563,1,5661,4,40,4,65126,4,1042,4,1894,8,0,0,1285,132,10,1,76768,1,862,1,2625,1,18025,2,4388,1,393459,1,20920,1,4960,1,0,0,0,0,0,0,0,0,0,1,0,1,9559,1,4518,1,17050,1,9559,1,48,1,0,0,0,0,0,0,0,1,5041,1,4518,1
952,2754800,4518,9559,28.990187,0,0,11,0,0,30918,801,1708,2723882,16,185,50,1,26471,1,50,1,1949689,1,430921,1,104892,1,207089,1,4719,1,32092,1,5581,4,40,4,64995,4,1012,4,1864,8,0,0,1167,132,10,1,74985,1,862,1,2314,1,18085,2,4449,1,389912,1,17965,1,3497,1,0,0,0,0,0,0,0,0,0,1,0,1,9559,1,4518,1,17050,1,9559,1,48,1,0,0,0,0,0,0,0,1,5041,1,4518,1
953,2755400,4518,9559,28.990187,0,0,11,0,0,32450,732,1650,2722950,16,185,30,1,26491,1,30,1,1950090,1,426883,1,105533,1,209143,1,4749,1,32673,1,5651,4,40,4,65096,4,1012,4,1874,8,0,0,1236,132,20,1,76497,1,862,1,2515,1,17804,2,4368,1,396665,1,18265,1,3296,1,0,0,0,0,0,0,0,0,0,1,0,1,9559,1,4518,1,17050,1,9559,1,48,1,0,0,0,0,0,0,0,1,5041,1,4518,1
954,2767300,4518,9559,28.990187,0,0,11,0,0,33168,681,1641,2734132,16,185,20,1,26110,1,60,1,1950761,1,440139,1,105413,1,206909,1,4719,1,32152,1,5611,4,50,4,65035,4,1062,4,1844,8,0,0,1265,132,20,1,74454,1,872,1,2585,1,18185,2,4358,1,399290,1,28665,1,3256,1,0,0,0,0,0,0,0,0,0,1,0,1,9559,1,4518,1,17050,1,9559,1,48,1,0,0,0,0,0,0,0,1,5041,1,4518,1
955,2770600,4518,9559,28.990187,0,0,11,0,0,34544,771,1622,2736056,16,185,40,1,26201,1,50,1,1955581,1,434868,1,105203,1,209354,1,4759,1,32903,1,5581,4,30,4,65116,4,1032,4,1864,8,0,0,1274,132,20,1,76377,1,862,1,2515,1,17935,2,4348,1,393789,1,23545,1,3707,1,0,0,0,0,0,0,0,0,0,1,0,1,9559,1,4518,1,17050,1,9559,1,48,1,0,0,0,0,0,0,0,1,5041,1,4518,1
956,2786200,4518,9559,28.990187,0,0,11,0,0,26459,731,1602,2759741,16,185,20,1,26341,1,110,1,1951383,1,464766,1,105033,1,207330,1,4759,1,32783,1,5611,4,40,4,65156,4,1022,4,1874,8,0,0,1293,132,20,1,74574,1,872,1,2545,1,17764,2,4338,1,434838,1,16592,1,3276,1,0,0,0,0,0,0,0,0,0,1,0,1,9559,1,4518,1,17050,1,9559,1,48,1,0,0,0,0,0,0,0,1,5041,1,4518,1
957,2902000,4518,9559,28.990187,0,0,11,0,0,31185,871,1632,2870815,16,185,200,1,33034,1,50,1,2064511,1,434488,1,122707,1,211077,1,4749,1,32252,1,5711,4,60,4,64675,4,1112,4,1854,8,0,0,1334,132,30,1,78010,1,862,1,2254,1,18987,2,4398,1,401344,1,18145,1,3216,1,0,0,0,0,0,0,0,0,0,1,0,1,9559,1,4518,1,17050,1,9559,1,48,1,0,0,0,0,0,0,0,1,5041,1,4518,1
958,2992500,4518,9559,28.990187,0,0,11,0,0,30379,651,1621,2962121,16,185,40,1,32152,1,70,1,2161718,1,450879,1,105083,1,207460,1,4719,1,32052,1,5541,4,40,4,64865,4,1012,4,1954,8,0,0,1344,132,20,1,74393,1,862,1,2525,1,19037,2,4509,1,420040,1,17814,1,3236,1,0,0,0,0,0,0,0,0,0,1,0,1,9559,1,4518,1,17050,1,9559,1,48,1,0,0,0,0,0,0,0,1,5041,1,4518,1
959,2768400,4518,9559,28.990187,0,0,11,0,0,34008,711,1709,2734392,16,185,50,1,26381,1,30,1,1947245,1,441942,1,105073,1,208933,1,4739,1,32082,1,5631,4,30,4,64945,4,1072,4,1874,8,0,0,1237,132,20,1,76948,1,862,1,2515,1,17864,2,4378,1,401795,1,18546,1,3717,1,0,0,0,0,0,0,0,0,0,1,0,1,9559,1,4518,1,17050,1,9559,1,48,1,0,0,0,0,0,0,0,1,5041,1,4518,1
960,2767700,4518,9559,28.990187,0,0,11,0,0,31414,692,1659,2736286,16,185,10,1,26120,1,40,1,1950391,1,443285,1,104572,1,207109,1,4759,1,32423,1,5511,4,40,4,65246,4,1022,4,1874,8,0,0,1236,132,20,1,74814,1,862,1,2515,1,17634,2,4459,1,400152,1,30148,1,3306,1,0,0,0,0,0,0,0,0,0,1,0,1,9559,1,4518,1,17050,1,9559,1,48,1,0,0,0,0,0,0,0,1,5041,1,4518,1
961,2775200,4518,9559,28.990187,0,0,11,0,0,31880,791,1630,2743320,16,185,10,1,26281,1,60,1,1951002,1,447292,1,104682,1,209253,1,4739,1,32733,1,5591,4,40,4,65085,4,972,4,1854,8,0,0,1196,132,20,1,76528,1,862,1,2525,1,17884,2,4368,1,406704,1,20900,1,4909,1,0,0,0,0,0,0,0,0,0,1,0,1,9559,1,4518,1,17050,1,9559,1,48,1,0,0,0,0,0,0,0,1,5041,1,4518,1
962,2785600,4518,9559,28.990187,0,0,11,0,0,31339,711,1600,2754261,16,185,40,1,26150,1,50,1,1958256,1,453264,1,104431,1,207400,1,4669,1,32543,1,5681,4,30,4,65096,4,931,4,1904,8,0,0,1235,132,10,1,74804,1,872,1,2495,1,18045,2,4278,1,413628,1,27824,1,3266,1,0,0,0,0,0,0,0,0,0,1,0,1,9559,1,4518,1,17050,1,9559,1,48,1,0,0,0,0,0,0,0,1,5041,1,4518,1
963,2766300,4518,9559,28.990187,0,0,11,0,0,30495,782,1618,2735805,16,185,30,1,26341,1,40,1,1949980,1,441311,1,104832,1,208532,1,4739,1,31912,1,5621,4,30,4,65135,4,962,4,1854,8,0,0,1197,132,30,1,76658,1,862,1,2575,1,17724,2,4388,1,400392,1,27944,1,3266,1,0,0,0,0,0,0,0,0,0,1,0,1,9559,1,4518,1,17050,1,9559,1,48,1,0,0,0,0,0,0,0,1,5041,1,4518,1
964,2756200,4518,9559,28.990187,0,0,11,0,0,29072,822,1689,2727128,16,185,10,1,26341,1,90,1,1949188,1,434618,1,104992,1,207179,1,4709,1,32362,1,5631,4,40,4,65206,4,1012,4,1884,8,0,0,1206,132,20,1,74514,1,872,1,2555,1,17844,2,4419,1,401364,1,20129,1,3296,1,0,0,0,0,0,0,0,0,0,1,0,1,9559,1,4518,1,17050,1,9559,1,48,1,0,0,0,0,0,0,0,1,5041,1,4518,1
965,2766800,4518,9559,28.990187,0,0,11,0,0,32658,771,1668,2734142,16,185,20,1,26401,1,60,1,1954398,1,431572,1,108409,1,208522,1,4759,1,32122,1,5541,4,40,4,65065,4,1022,4,1834,8,0,0,1187,132,20,1,76728,1,862,1,2495,1,17664,2,4358,1,387287,1,32282,1,3256,1,0,0,0,0,0,0,0,0,0,1,0,1,9559,1,4518,1,17050,1,9559,1,48,1,0,0,0,0,0,0,0,1,5041,1,4518,1
966,2768100,4518,9559,28.990187,0,0,11,0,0,31924,672,1620,2736176,16,185,20,1,25659,1,80,1,1949880,1,445188,1,103560,1,207059,1,4729,1,32212,1,5581,4,60,4,65426,4,1012,4,1854,8,0,0,1246,132,20,1,74624,1,862,1,2565,1,17744,2,4429,1,406213,1,27042,1,3276,1,0,0,0,0,0,0,0,0,0,1,0,1,9559,1,4518,1,17050,1,9559,1,48,1,0,0,0,0,0,0,0,1,5041,1,4518,1
967,2773900,4518,9559,28.990187,0,0,11,0,0,30140,731,1602,2743760,16,185,50,1,26241,1,40,1,1951252,1,435159,1,105093,1,221146,1,4779,1,36821,1,5631,4,40,4,65216,4,993,4,1894,8,0,0,1285,132,20,1,76177,1,862,1,2525,1,25870,2,4368,1,382137,1,40037,1,3256,1,0,0,0,0,0,0,0,0,0,1,0,1,9559,1,4518,1,17050,1,9559,1,48,1,0,0,0,0,0,0,0,1,5041,1,4518,1
968,2782800,4518,9559,28.990187,0,0,11,0,0,38699,730,1670,2744101,16,185,20,1,32513,1,30,1,1970389,1,423547,1,104942,1,208021,1,4639,1,32863,1,5661,4,60,4,64965,4,1012,4,1874,8,0,0,1216,132,30,1,74494,1,872,1,2545,1,18395,2,4519,1,377197,1,29186,1,6102,1,0,0,0,0,0,0,0,0,0,1,0,1,9559,1,4518,1,17050,1,9559,1,48,1,0,0,0,0,0,0,0,1,5041,1,4518,1
969,2772200,4518,9559,28.990187,0,0,11,0,0,30654,721,1652,2741546,16,185,130,1,25329,1,40,1,1955901,1,440670,1,105363,1,209384,1,4729,1,32773,1,5591,4,21,4,65075,4,1062,4,1994,8,0,0,1404,132,30,1,76247,1,862,1,2575,1,17864,2,4569,1,410842,1,17674,1,3296,1,0,0,0,0,0,0,0,0,0,1,0,1,9559,1,4518,1,17050,1,9559,1,48,1,0,0,0,0,0,0,0,1,5041,1,4518,1
970,3024300,4518,9559,28.990187,0,0,11,0,0,45296,1192,2034,2979004,16,185,150,1,38093,1,70,1,2092134,1,443786,1,139148,1,259711,1,5911,1,40187,1,6853,4,70,4,81247,4,1483,4,2535,8,0,0,1984,132,40,1,93981,1,1072,1,2936,1,22564,2,5551,1,405893,1,20369,1,4068,1,0,0,0,0,0,0,0,0,0,1,0,1,9559,1,4518,1,17050,1,9559,1,48,1,0,0,0,0,0,0,0,1,5041,1,4518,1
971,2880700,4518,9559,28.990187,0,0,11,0,0,32017,771,1592,2848683,16,185,50,1,31561,1,90,1,2063649,1,435169,1,105724,1,207700,1,4739,1,32132,1,5581,4,40,4,64595,4,972,4,1885,8,0,0,1265,132,20,1,76227,1,852,1,2535,1,17764,2,4328,1,395553,1,27693,1,3246,1,0,0,0,0,0,0,0,0,0,1,0,1,9559,1,4518,1,17050,1,9559,1,48,1,0,0,0,0,0,0,0,1,5041,1,4518,1
972,2749500,4518,9559,28.990187,0,0,11,0,0,31880,661,1709,2717620,16,185,50,1,26040,1,30,1,1945892,1,429668,1,105173,1,206027,1,4739,1,32483,1,5551,4,40,4,64625,4,1002,4,1924,8,0,0,1217,132,20,1,74353,1,862,1,2585,1,17404,2,4519,1,398779,1,17895,1,3256,1,0,0,0,0,0,0,0,0,0,1,0,1,9559,1,4518,1,17050,1,9559,1,48,1,0,0,0,0,0,0,0,1,5041,1,4518,1
973,2779500,4518,9559,28.990187,0,0,11,0,0,30329,762,1600,2749171,16,185,30,1,25960,1,40,1,1975269,1,421513,1,108980,1,212510,1,4869,1,33915,1,6092,4,50,4,65195,4,1002,4,1874,8,0,0,1275,132,30,1,77379,1,852,1,2745,1,17985,2,4629,1,387086,1,20189,1,3286,1,0,0,0,0,0,0,0,0,0,1,0,1,9559,1,4518,1,17050,1,9559,1,48,1,0,0,0,0,0,0,0,1,5041,1,4518,1
974,2854800,4518,9559,28.990187,0,0,11,0,0,33650,851,2061,2821150,16,185,180,1,33004,1,80,1,2018231,1,443104,1,110764,1,211107,1,4679,1,33184,1,5621,4,60,4,66168,4,1493,4,1894,8,0,0,1326,132,40,1,74624,1,882,1,2936,1,18916,2,4439,1,411433,1,17975,1,3216,1,0,0,0,0,0,0,0,0,0,1,0,1,9559,1,4518,1,17050,1,9559,1,48,1,0,0,0,0,0,0,0,1,5041,1,4518,1
975,2840500,4518,9559,28.990187,0,0,11,0,0,29079,822,1627,2811421,16,185,130,1,32543,1,50,1,2014725,1,443014,1,106335,1,209855,1,4769,1,32473,1,5521,4,50,4,64775,4,931,4,1874,8,0,0,1178,132,20,1,76778,1,862,1,2525,1,18786,2,4439,1,399200,1,30028,1,3296,1,0,0,0,0,0,0,0,0,0,1,0,1,9559,1,4518,1,17050,1,9559,1,48,1,0,0,0,0,0,0,0,1,5041,1,4518,1
976,2751200,4518,9559,28.990187,0,0,11,0,0,31696,731,1560,2719504,16,185,40,1,26190,1,60,1,1936985,1,438185,1,105674,1,207610,1,4759,1,32613,1,5651,4,30,4,65186,4,982,4,1854,8,0,0,1275,132,20,1,75005,1,862,1,2515,1,17804,2,4358,1,397306,1,28455,1,3296,1,0,0,0,0,0,0,0,0,0,1,0,1,9559,1,4518,1,17050,1,9559,1,48,1,0,0,0,0,0,0,0,1,5041,1,4518,1
977,2763600,4518,9559,28.990187,0,0,11,0,0,33115,861,1660,2730485,16,185,110,1,26691,1,60,1,1951182,1,432273,1,105934,1,209524,1,4709,1,32272,1,5591,4,30,4,65096,4,992,4,1904,8,0,0,1235,132,10,1,77099,1,862,1,2515,1,17844,2,4449,1,401143,1,18025,1,3266,1,0,0,0,0,0,0,0,0,0,1,0,1,9559,1,4518,1,17050,1,9559,1,48,1,0,0,0,0,0,0,0,1,5041,1,4518,1
978,2793500,4518,9559,28.990187,0,0,11,0,0,33067,692,1599,2760433,16,185,90,1,26281,1,100,1,1949699,1,453504,1,105333,1,220625,1,4799,1,45548,1,5561,4,40,4,65386,4,992,4,1844,8,0,0,1236,132,10,1,75425,1,862,1,2515,1,17313,2,4439,1,412736,1,18365,1,3908,1,0,0,0,0,0,0,0,0,0,1,0,1,9559,1,4518,1,17050,1,9559,1,48,1,0,0,0,0,0,0,0,1,5041,1,4518,1
979,2780700,4518,9559,28.990187,0,0,11,0,0,30126,861,1669,2750574,16,185,20,1,25980,1,30,1,1963145,1,441371,1,106175,1,209123,1,4729,1,32392,1,5571,4,30,4,65005,4,982,4,1904,8,0,0,1217,132,30,1,76828,1,872,1,2505,1,17754,2,4388,1,409329,1,18656,1,3306,1,0,0,0,0,0,0,0,0,0,1,0,1,9559,1,4518,1,17050,1,9559,1,48,1,0,0,0,0,0,0,0,1,5041,1,4518,1
980,2756200,4518,9559,28.990187,0,0,11,0,0,30745,691,1582,2725455,16,185,110,1,26070,1,110,1,1950621,1,431021,1,105393,1,207350,1,4779,1,32683,1,5631,4,40,4,65055,4,982,4,1854,8,0,0,1254,132,30,1,74744,1,872,1,2525,1,17774,2,4469,1,389311,1,29126,1,3276,1,0,0,0,0,0,0,0,0,0,1,0,1,9559,1,4518,1,17050,1,9559,1,48,1,0,0,0,0,0,0,0,1,5041,1,4518,1
981,2758200,4518,9559,28.990187,0,0,11,0,0,29198,771,1609,2729002,16,185,10,1,26481,1,60,1,1949629,1,433466,1,105503,1,209123,1,4729,1,32563,1,5551,4,40,4,65116,4,932,4,1894,8,0,0,1217,132,30,1,76638,1,862,1,2625,1,17624,2,4479,1,392347,1,27944,1,3266,1,0,0,0,0,0,0,0,0,0,1,0,1,9559,1,4518,1,17050,1,9559,1,48,1,0,0,0,0,0,0,0,1,5041,1,4518,1
982,2765000,4518,9559,28.990187,0,0,11,0,0,34305,761,1532,2730695,16,185,20,1,26451,1,30,1,1950942,1,430911,1,105093,1,212490,1,4759,1,37552,1,5571,4,40,4,65035,4,952,4,1844,8,0,0,1264,132,10,1,74985,1,862,1,2505,1,18005,2,4368,1,385904,1,31781,1,3276,1,0,0,0,0,0,0,0,0,0,1,0,1,9559,1,4518,1,17050,1,9559,1,48,1,0,0,0,0,0,0,0,1,5041,1,4518,1
983,2775500,4518,9559,28.990187,0,0,11,0,0,32902,732,1589,2742598,16,185,10,1,26070,1,40,1,1950511,1,447713,1,104031,1,209484,1,4739,1,32583,1,5631,4,40,4,65116,4,972,4,1863,8,0,0,1246,132,20,1,76898,1,872,1,2324,1,17874,2,4559,1,407766,1,20950,1,3577,1,0,0,0,0,0,0,0,0,0,1,0,1,9559,1,4518,1,17050,1,9559,1,48,1,0,0,0,0,0,0,0,1,5041,1,4518,1
984,2780500,4518,9559,28.990187,0,0,11,0,0,30447,771,1583,2750053,16,185,30,1,26130,1,60,1,1965430,1,440269,1,105233,1,208121,1,4779,1,32883,1,5631,4,30,4,64955,4,1022,4,1893,8,0,0,1333,132,40,1,75025,1,862,1,2565,1,17995,2,4449,1,400632,1,27433,1,3246,1,0,0,0,0,0,0,0,0,0,1,0,1,9559,1,4518,1,17050,1,9559,1,48,1,0,0,0,0,0,0,0,1,5041,1,4518,1
985,2773400,4518,9559,28.990187,0,0,11,0,0,32104,711,1650,2741296,16,185,30,1,26211,1,50,1,1949840,1,444828,1,106145,1,209474,1,4719,1,32312,1,5661,4,30,4,65136,4,992,4,1874,8,0,0,1216,132,20,1,76958,1,862,1,2525,1,17834,2,4559,1,404720,1,21391,1,3577,1,0,0,0,0,0,0,0,0,0,1,0,1,9559,1,4518,1,17050,1,9559,1,48,1,0,0,0,0,0,0,0,1,5041,1,4518,1
986,2761400,4518,9559,28.990187,0,0,11,0,0,29683,731,1628,2731717,16,185,30,1,26180,1,40,1,1951433,1,437313,1,105273,1,206749,1,4699,1,32152,1,5591,4,60,4,64955,4,952,4,1854,8,0,0,1178,132,30,1,74564,1,862,1,2555,1,17964,2,4479,1,396324,1,28936,1,3316,1,0,0,0,0,0,0,0,0,0,1,0,1,9559,1,4518,1,17050,1,9559,1,48,1,0,0,0,0,0,0,0,1,5041,1,4518,1
987,2891000,4518,9559,28.990187,0,0,11,0,0,33430,992,1530,2857570,16,185,150,1,35809,1,80,1,2050604,1,443826,1,111665,1,210706,1,4729,1,32002,1,5541,4,70,4,64464,4,1092,4,2154,8,0,0,1716,132,40,1,77670,1,862,1,2284,1,19077,2,4459,1,411293,1,17624,1,3246,1,0,0,0,0,0,0,0,0,0,1,0,1,9559,1,4518,1,17050,1,9559,1,48,1,0,0,0,0,0,0,0,1,5041,1,4518,1
988,2950600,4518,9559,28.990187,0,0,11,0,0,33455,721,1640,2917145,16,185,50,1,32152,1,40,1,2140106,1,428356,1,104862,1,206889,1,4689,1,32122,1,5561,4,21,4,64765,4,982,4,1884,8,0,0,1226,132,20,1,74143,1,852,1,2585,1,18816,2,4419,1,398238,1,18035,1,3276,1,0,0,0,0,0,0,0,0,0,1,0,1,9559,1,4518,1,17050,1,9559,1,48,1,0,0,0,0,0,0,0,1,5041,1,4518,1
989,2755300,4518,9559,28.990187,0,0,11,0,0,30787,751,1671,2724513,16,185,20,1,26090,1,70,1,1944870,1,433626,1,106125,1,208963,1,4749,1,32402,1,5611,4,40,4,65136,4,1002,4,1914,8,0,0,1245,132,10,1,76558,1,862,1,2525,1,17694,2,4459,1,391976,1,28445,1,3236,1,0,0,0,0,0,0,0,0,0,1,0,1,9559,1,4518,1,17050,1,9559,1,48,1,0,0,0,0,0,0,0,1,5041,1,4518,1
990,2771000,4518,9559,28.990187,0,0,11,0,0,32009,681,1670,2738991,16,185,20,1,25880,1,40,1,1956472,1,439527,1,105824,1,206448,1,4779,1,32423,1,5611,4,40,4,65045,4,982,4,1894,8,0,0,1206,132,20,1,74694,1,872,1,2284,1,17484,2,4419,1,398098,1,28044,1,3306,1,0,0,0,0,0,0,0,0,0,1,0,1,9559,1,4518,1,17050,1,9559,1,48,1,0,0,0,0,0,0,0,1,5041,1,4518,1
991,2773400,4518,9559,28.990187,0,0,11,0,0,29319,802,1601,2744081,16,185,20,1,26221,1,20,1,1948707,1,448575,1,106806,1,209013,1,4719,1,32533,1,5631,4,40,4,65005,4,1032,4,1864,8,0,0,1294,132,20,1,76708,1,862,1,2234,1,17734,2,4549,1,417635,1,18556,1,3266,1,0,0,0,0,0,0,0,0,0,1,0,1,9559,1,4518,1,17050,1,9559,1,48,1,0,0,0,0,0,0,0,1,5041,1,4518,1
992,2771200,4518,9559,28.990187,0,0,11,0,0,31968,721,1581,2739232,16,185,30,1,26261,1,40,1,1955731,1,440910,1,105113,1,206378,1,4769,1,32382,1,5611,4,50,4,65106,4,952,4,1884,8,0,0,1255,132,20,1,74464,1,882,1,2244,1,17684,2,4378,1,409710,1,17754,1,3326,1,0,0,0,0,0,0,0,0,0,1,0,1,9559,1,4518,1,17050,1,9559,1,48,1,0,0,0,0,0,0,0,1,5041,1,4518,1
993,2767400,4518,9559,28.990187,0,0,11,0,0,29862,701,1661,2737538,16,185,20,1,26351,1,120,1,1956502,1,436692,1,105103,1,208001,1,4749,1,32282,1,5510,4,30,4,65045,4,1012,4,1914,8,0,0,1265,132,10,1,76618,1,862,1,2264,1,17363,2,4388,1,405993,1,18616,1,3306,1,0,0,0,0,0,0,0,0,0,1,0,1,9559,1,4518,1,17050,1,9559,1,48,1,0,0,0,0,0,0,0,1,5041,1,4518,1
994,2782300,4518,9559,28.990187,0,0,11,0,0,30123,731,1650,2752177,16,185,10,1,26491,1,30,1,1963316,1,445309,1,105333,1,206899,1,4789,1,32433,1,5611,4,40,4,65085,4,972,4,1884,8,0,0,1206,132,10,1,74704,1,862,1,2234,1,17824,2,4509,1,415481,1,17734,1,3266,1,0,0,0,0,0,0,0,0,0,1,0,1,9559,1,4518,1,17050,1,9559,1,48,1,0,0,0,0,0,0,0,1,5041,1,4518,1
995,2767900,4518,9559,28.990187,0,0,11,0,0,32686,691,1560,2735214,16,185,20,1,26531,1,60,1,1956112,1,434067,1,105383,1,208292,1,4749,1,32152,1,5611,4,30,4,65035,4,972,4,1844,8,0,0,1255,132,20,1,76898,1,872,1,2234,1,17544,2,4388,1,390753,1,30158,1,3296,1,0,0,0,0,0,0,0,0,0,1,0,1,9559,1,4518,1,17050,1,9559,1,48,1,0,0,0,0,0,0,0,1,5041,1,4518,1
996,2771600,4518,9559,28.990187,0,0,11,0,0,28882,712,1668,2742718,16,185,20,1,26030,1,40,1,1953958,1,445780,1,105834,1,206328,1,4729,1,32372,1,5651,4,21,4,65015,4,992,4,1904,8,0,0,1227,132,20,1,74474,1,862,1,2264,1,17734,2,4308,1,414269,1,18375,1,3246,1,0,0,0,0,0,0,0,0,0,1,0,1,9559,1,4518,1,17050,1,9559,1,48,1,0,0,0,0,0,0,0,1,5041,1,4518,1
997,2767600,4518,9559,28.990187,0,0,11,0,0,29771,711,1569,2737829,16,185,20,1,26040,1,50,1,1949779,1,442513,1,105664,1,208983,1,4779,1,32683,1,5591,4,40,4,65015,4,942,4,1874,8,0,0,1246,132,20,1,76578,1,862,1,2254,1,17955,2,4459,1,411073,1,18205,1,3276,1,0,0,0,0,0,0,0,0,0,1,0,1,9559,1,4518,1,17050,1,9559,1,48,1,0,0,0,0,0,0,0,1,5041,1,4518,1
998,2760800,4518,9559,28.990187,0,0,11,0,0,29263,791,1531,2731537,16,185,40,1,26391,1,110,1,1949679,1,437684,1,106125,1,206739,1,4769,1,32362,1,5531,4,40,4,65146,4,972,4,1824,8,0,0,1264,132,20,1,74444,1,862,1,2264,1,18145,2,4338,1,406494,1,17694,1,3316,1,0,0,0,0,0,0,0,0,0,1,0,1,9559,1,4518,1,17050,1,9559,1,48,1,0,0,0,0,0,0,0,1,5041,1,4518,1
999,2770000,4518,9559,28.990187,0,0,11,0,0,29536,672,1630,2740464,16,185,80,1,26581,1,100,1,1955811,1,439417,1,105453,1,208282,1,4739,1,32232,1,5560,4,40,4,64955,4,992,4,1884,8,0,0,1246,132,20,1,76337,1,872,1,2355,1,18005,2,4358,1,398268,1,29216,1,3316,1,0,0,0,0,0,0,0,0,0,1,0,1,9559,1,4518,1,17050,1,9559,1,48,1,0,0,0,0,0,0,0,1,5041,1,4518,1
