step,wall_ns,manifolds,pairs,top_y,awake,void,colors,wide_colors,waves,g_ns,u_ns,r_ns,sys_sum_ns,disp_lane,worker_lane_max,sys_physics_integrate_ns,sys_physics_integrate_n,sys_physics_gather_ns,sys_physics_gather_n,sys_select_broadphase_ns,sys_select_broadphase_n,sys_physics_broadphase_ns,sys_physics_broadphase_n,sys_physics_narrowphase_ns,sys_physics_narrowphase_n,sys_physics_build_graph_ns,sys_physics_build_graph_n,sys_physics_solve_colored_ns,sys_physics_solve_colored_n,sys_physics_apply_ns,sys_physics_apply_n,phys_solve_build_ns,phys_solve_build_n,phys_gravity_ns,phys_gravity_n,phys_warm_apply_ns,phys_warm_apply_n,phys_integrate_ns,phys_integrate_n,phys_pass_biased_ns,phys_pass_biased_n,phys_pass_relax_ns,phys_pass_relax_n,phys_color_wide_ns,phys_color_wide_n,phys_color_narrow_ns,phys_color_narrow_n,phys_restitution_ns,phys_restitution_n,phys_store_ns,phys_store_n,phys_write_back_ns,phys_write_back_n,phys_sleep_begin_ns,phys_sleep_begin_n,phys_sleep_freeze_ns,phys_sleep_freeze_n,phys_sleep_end_ns,phys_sleep_end_n,phys_np_dispatch_ns,phys_np_dispatch_n,phys_np_compact_ns,phys_np_compact_n,phys_np_axis_commit_ns,phys_np_axis_commit_n,phys_bp_verify_ns,phys_bp_verify_n,phys_bp_build_ns,phys_bp_build_n,phys_bp_query_ns,phys_bp_query_n,phys_bp_assemble_ns,phys_bp_assemble_n,phys_slots_wide,phys_slots_wide_n,phys_slots_narrow,phys_slots_narrow_n,phys_np_pairs,phys_np_pairs_n,phys_np_manifolds,phys_np_manifolds_n,phys_np_points,phys_np_points_n,phys_bp_pairs,phys_bp_pairs_n,phys_np_chunks,phys_np_chunks_n,phys_bp_queried,phys_bp_queried_n,phys_bp_members,phys_bp_members_n,phys_bp_rebuilds,phys_bp_rebuilds_n
0,7730700,4495,9570,35.998295,,0,9,9,108,71138,5521,3237,7659562,16,153,832,1,188565,1,90,1,2177280,1,1320764,1,184807,1,3772746,1,14478,1,764458,1,18005,4,555815,4,101617,4,777784,4,1491985,8,2266533,108,0,0,6122,1,48283,1,3156,1,0,0,0,0,0,0,855374,1,172644,1,83091,1,0,0,0,0,0,0,0,0,17980,1,0,1,9570,1,4495,1,17980,1,9570,1,48,1,0,0,0,0,0,0
1,5404700,4196,9570,35.993866,,0,8,8,96,42330,1303,1894,5362370,16,142,731,1,41701,1,90,1,1948157,1,446654,1,89764,1,2824322,1,10951,1,402037,1,11322,4,480850,4,77810,4,627453,4,1194620,8,1820180,96,0,0,3156,1,22944,1,2825,1,0,0,0,0,0,0,419762,1,18005,1,4569,1,0,0,0,0,0,0,0,0,15924,1,0,1,9570,1,4196,1,15924,1,9570,1,48,1,0,0,0,0,0,0
2,5209900,4142,9570,35.986713,,0,8,8,96,32157,2655,1904,5177743,16,142,50,1,25058,1,30,1,1916626,1,388151,1,86848,1,2749948,1,11031,1,285753,1,12304,4,477323,4,79113,4,645248,4,1217885,8,1861229,96,0,0,2815,1,24107,1,2745,1,0,0,0,0,0,0,362170,1,17784,1,4338,1,0,0,0,0,0,0,0,0,15744,1,0,1,9570,1,4142,1,15744,1,9570,1,48,1,0,0,0,0,0,0
3,5197100,4111,9570,35.976837,,0,8,8,96,32643,1072,3267,5164457,16,142,20,1,25419,1,50,1,1937627,1,415624,1,85726,1,2689060,1,10931,1,279501,1,11632,4,473275,4,78652,4,636110,4,1179641,8,1812485,96,0,0,3086,1,23405,1,2685,1,0,0,0,0,0,0,388481,1,18175,1,5130,1,0,0,0,0,0,0,0,0,15687,1,0,1,9570,1,4111,1,15687,1,9570,1,48,1,0,0,0,0,0,0
4,5170800,4100,9570,35.964233,,0,8,8,96,33395,1092,3277,5137405,16,142,10,1,25068,1,30,1,1940342,1,410053,1,83602,1,2667438,1,10861,1,272898,1,11733,4,473856,4,78091,4,617614,4,1183879,8,1798217,96,0,0,2775,1,22764,1,2735,1,0,0,0,0,0,0,386497,1,16001,1,3807,1,0,0,0,0,0,0,0,0,15670,1,0,1,9570,1,4100,1,15670,1,9570,1,48,1,0,0,0,0,0,0
5,5211700,4087,9570,35.948902,,0,8,8,96,32735,1132,3216,5178965,16,142,90,1,24878,1,80,1,1935313,1,410464,1,84523,1,2712736,1,10881,1,274100,1,11663,4,475379,4,78472,4,634357,4,1210130,8,1841271,96,0,0,2815,1,21962,1,2725,1,0,0,0,0,0,0,384824,1,17995,1,3777,1,0,0,0,0,0,0,0,0,15642,1,0,1,9570,1,4087,1,15642,1,9570,1,48,1,0,0,0,0,0,0
6,5270500,4079,9570,35.93085,,0,8,8,96,32390,1032,1924,5238110,16,142,30,1,25289,1,40,1,1939110,1,413971,1,84323,1,2764396,1,10951,1,272767,1,11813,4,477854,4,78903,4,653363,4,1241501,8,1892940,96,0,0,2755,1,21642,1,2765,1,0,0,0,0,0,0,389654,1,17764,1,3777,1,0,0,0,0,0,0,0,0,15666,1,0,1,9570,1,4079,1,15666,1,9570,1,48,1,0,0,0,0,0,0
7,5355400,4073,9570,35.910072,,0,8,8,96,43593,1393,2134,5311807,16,142,140,1,30759,1,90,1,1985199,1,451929,1,87539,1,2745299,1,10851,1,276535,1,11883,4,511710,4,79263,4,637272,4,1199199,8,1834337,96,0,0,2825,1,22443,1,2775,1,0,0,0,0,0,0,428894,1,16251,1,3767,1,0,0,0,0,0,0,0,0,15684,1,0,1,9570,1,4073,1,15684,1,9570,1,48,1,0,0,0,0,0,0
8,5360700,4066,9570,35.88657,,0,8,8,96,38092,1333,1994,5322608,16,142,80,1,30208,1,110,1,1947446,1,413234,1,114521,1,2806076,1,10931,1,337192,1,12745,4,518392,4,79073,4,627924,4,1201003,8,1826932,96,0,0,2815,1,22684,1,2916,1,0,0,0,0,0,0,384218,1,21081,1,4569,1,0,0,0,0,0,0,0,0,15684,1,0,1,9570,1,4066,1,15684,1,9570,1,48,1,0,0,0,0,0,0
9,5276000,4061,9570,35.86034,,0,8,8,96,31378,1122,1954,5244622,16,142,30,1,30499,1,90,1,1945462,1,417608,1,86567,1,2753525,1,10841,1,275733,1,11632,4,478786,4,78602,4,651831,4,1229217,8,1879093,96,0,0,2685,1,21191,1,2725,1,0,0,0,0,0,0,391898,1,18125,1,3737,1,0,0,0,0,0,0,0,0,15705,1,0,1,9570,1,4061,1,15705,1,9570,1,48,1,0,0,0,0,0,0
10,5204300,4053,9570,35.831387,,0,8,8,96,31306,1032,2004,5172994,16,142,10,1,25139,1,40,1,1938940,1,390956,1,83802,1,2722986,1,11122,1,273840,1,11713,4,478255,4,78962,4,650438,4,1201293,8,1849727,96,0,0,2735,1,21952,1,2765,1,0,0,0,0,0,0,366529,1,16843,1,3617,1,0,0,0,0,0,0,0,0,15690,1,0,1,9570,1,4053,1,15690,1,9570,1,48,1,0,0,0,0,0,0
11,5216200,4054,9570,35.79971,,0,8,8,96,31434,1052,1875,5184766,16,142,60,1,24978,1,80,1,1948328,1,418269,1,83832,1,2698318,1,10901,1,276675,1,11893,4,477844,4,79313,4,624137,4,1199820,8,1822083,96,0,0,2775,1,22013,1,2795,1,0,0,0,0,0,0,393190,1,17724,1,3627,1,0,0,0,0,0,0,0,0,15715,1,0,1,9570,1,4054,1,15715,1,9570,1,48,1,0,0,0,0,0,0
12,5186800,4056,9570,35.765305,,0,8,8,96,30669,1042,1934,5156131,16,142,10,1,25008,1,110,1,1946915,1,398681,1,83391,1,2691154,1,10861,1,275773,1,11713,4,477934,4,79303,4,623065,4,1194891,8,1816021,96,0,0,2685,1,22013,1,2735,1,0,0,0,0,0,0,374103,1,18015,1,3647,1,0,0,0,0,0,0,0,0,15716,1,0,1,9570,1,4056,1,15716,1,9570,1,48,1,0,0,0,0,0,0
13,5305200,4055,9570,35.728176,,0,8,8,96,32433,1092,2015,5272767,16,142,20,1,25169,1,80,1,1960121,1,409291,1,83692,1,2783142,1,11252,1,273028,1,11632,4,480139,4,78592,4,657792,4,1253314,8,1909091,96,0,0,2805,1,21972,1,2775,1,0,0,0,0,0,0,385175,1,16642,1,3527,1,0,0,0,0,0,0,0,0,15731,1,0,1,9570,1,4055,1,15731,1,9570,1,48,1,0,0,0,0,0,0
14,5203400,4060,9570,35.688324,,0,8,8,96,31739,1032,2074,5171661,16,142,20,1,25249,1,20,1,1947727,1,373753,1,84223,1,2729879,1,10791,1,273840,1,11382,4,479337,4,78792,4,649987,4,1208086,8,1855999,96,0,0,2705,1,22023,1,2695,1,0,0,0,0,0,0,347652,1,18666,1,3687,1,0,0,0,0,0,0,0,0,15731,1,0,1,9570,1,4060,1,15731,1,9570,1,48,1,0,0,0,0,0,0
15,5189400,4057,9570,35.64575,,0,8,8,96,32738,1152,1974,5156662,16,142,30,1,25078,1,110,1,1948368,1,393691,1,83892,1,2694571,1,10921,1,273579,1,11823,4,477844,4,78692,4,629227,4,1194580,8,1821833,96,0,0,2785,1,22123,1,2765,1,0,0,0,0,0,0,368172,1,18185,1,3577,1,0,0,0,0,0,0,0,0,15734,1,0,1,9570,1,4057,1,15734,1,9570,1,48,1,0,0,0,0,0,0
16,5298200,4055,9570,35.600445,,0,8,8,96,34601,1132,2005,5263599,16,142,10,1,25489,1,40,1,1977153,1,444490,1,84584,1,2720721,1,11111,1,275212,1,11643,4,481231,4,79404,4,634858,4,1209759,8,1842612,96,0,0,2665,1,22013,1,2805,1,0,0,0,0,0,0,421104,1,15871,1,3627,1,0,0,0,0,0,0,0,0,15727,1,0,1,9570,1,4055,1,15727,1,9570,1,48,1,0,0,0,0,0,0
17,5323000,4051,9570,35.552414,,0,8,8,96,32419,1082,1985,5290581,16,142,40,1,25109,1,40,1,1961674,1,418048,1,83982,1,2790757,1,10931,1,274912,1,11963,4,482283,4,79714,4,656640,4,1255999,8,1910654,96,0,0,2685,1,22634,1,2846,1,0,0,0,0,0,0,391697,1,18937,1,3607,1,0,0,0,0,0,0,0,0,15724,1,0,1,9570,1,4051,1,15724,1,9570,1,48,1,0,0,0,0,0,0
18,5275600,4049,9570,35.501663,,0,8,8,96,37100,1403,2045,5238500,16,142,100,1,30519,1,70,1,1954089,1,399012,1,87259,1,2754637,1,12815,1,279360,1,11973,4,481852,4,79614,4,661609,4,1210741,8,1870306,96,0,0,2866,1,22423,1,2795,1,0,0,0,0,0,0,373763,1,17614,1,3687,1,0,0,0,0,0,0,0,0,15728,1,0,1,9570,1,4049,1,15728,1,9570,1,48,1,0,0,0,0,0,0
19,5234500,4050,9570,35.448185,,0,8,8,96,32380,1112,2014,5202120,16,142,40,1,30469,1,100,1,1960992,1,406486,1,84764,1,2708177,1,11091,1,270964,1,11643,4,481311,4,79223,4,631641,4,1204760,8,1834387,96,0,0,2846,1,21942,1,2735,1,0,0,0,0,0,0,381658,1,17303,1,3617,1,0,0,0,0,0,0,0,0,15736,1,0,1,9570,1,4050,1,15736,1,9570,1,48,1,0,0,0,0,0,0
20,6233400,4829,9570,35.391983,,0,14,12,144,32268,1152,4399,6201132,16,214,70,1,25038,1,30,1,1957195,1,455511,1,118730,1,3633637,1,10921,1,359605,1,11893,4,577447,4,80546,4,866315,4,1702011,8,2446420,144,117507,24,3226,1,28716,1,2725,1,0,0,0,0,0,0,410734,1,28986,1,10370,1,0,0,0,0,0,0,0,0,18718,1,144,1,9570,1,4829,1,18862,1,9570,1,48,1,0,0,0,0,0,0
21,5945700,4715,9570,35.333054,,0,13,11,132,34649,1252,9048,5911051,16,199,30,1,25119,1,50,1,1961062,1,493595,1,106306,1,3311644,1,13246,1,344767,1,12113,4,540676,4,79534,4,803644,4,1497837,8,2208560,132,83872,24,3326,1,25790,1,2705,1,0,0,0,0,0,0,461793,1,19037,1,7905,1,0,0,0,0,0,0,0,0,17266,1,101,1,9570,1,4715,1,17367,1,9570,1,48,1,0,0,0,0,0,0
22,5870600,4565,9570,35.2714,,0,13,10,120,32490,1052,5161,5838110,16,202,40,1,30218,1,30,1,1946103,1,492783,1,104011,1,3254033,1,10891,1,326341,1,11683,4,521068,4,78802,4,790689,4,1492887,8,2099850,120,178565,36,3156,1,25610,1,2745,1,0,0,0,0,0,0,461843,1,20440,1,6032,1,0,0,0,0,0,0,0,0,16624,1,220,1,9570,1,4565,1,16844,1,9570,1,48,1,0,0,0,0,0,0
23,5826400,4496,9570,35.207024,,0,13,10,120,32385,1082,5621,5794015,16,202,10,1,25119,1,40,1,1949009,1,462534,1,101286,1,3245075,1,10941,1,315881,1,11753,4,514014,4,79424,4,782032,4,1509990,8,2124288,120,162113,36,3076,1,25078,1,2745,1,0,0,0,0,0,0,432957,1,20099,1,5070,1,0,0,0,0,0,0,0,0,16445,1,200,1,9570,1,4496,1,16645,1,9570,1,48,1,0,0,0,0,0,0
24,5651300,4419,9570,35.13992,,0,12,10,120,32244,1102,4850,5619056,16,190,40,1,25219,1,50,1,1957566,1,485098,1,101166,1,3038817,1,11101,1,302335,1,11552,4,506820,4,79424,4,712889,4,1395088,8,2031187,120,71939,24,3056,1,23786,1,2765,1,0,0,0,0,0,0,456473,1,19307,1,5000,1,0,0,0,0,0,0,0,0,16356,1,88,1,9570,1,4419,1,16444,1,9570,1,48,1,0,0,0,0,0,0
25,5785900,4390,9570,35.07009,,0,12,9,108,39087,1423,6924,5746813,16,190,200,1,30409,1,70,1,1981863,1,462885,1,98961,1,3159610,1,12815,1,299990,1,11973,4,510858,4,79153,4,746484,4,1475012,8,1978095,108,236477,36,2906,1,28856,1,2956,1,0,0,0,0,0,0,434310,1,19999,1,5380,1,0,0,0,0,0,0,0,0,16055,1,291,1,9570,1,4390,1,16346,1,9570,1,48,1,0,0,0,0,0,0
26,5681600,4353,9570,34.997536,,0,12,9,108,32315,1092,4950,5649285,16,190,40,1,30068,1,40,1,1955291,1,444309,1,97869,1,3110756,1,10911,1,297375,1,11372,4,499396,4,78772,4,764218,4,1428803,8,2000689,108,187382,36,3076,1,23916,1,2735,1,0,0,0,0,0,0,417367,1,19428,1,4499,1,0,0,0,0,0,0,0,0,16062,1,229,1,9570,1,4353,1,16291,1,9570,1,48,1,0,0,0,0,0,0
27,5713600,4336,9570,34.92226,,0,12,9,108,39247,1393,6173,5674353,16,190,160,1,30299,1,80,1,1954860,1,452806,1,97408,1,3125975,1,12765,1,299289,1,11602,4,500628,4,78893,4,749109,4,1456667,8,2033843,108,165760,36,3026,1,22624,1,2745,1,0,0,0,0,0,0,427196,1,17073,1,4168,1,0,0,0,0,0,0,0,0,16019,1,201,1,9570,1,4336,1,16220,1,9570,1,48,1,0,0,0,0,0,0
28,6327400,4982,9570,34.844257,,0,14,11,132,34060,1212,5251,6293340,16,214,110,1,30178,1,70,1,1969258,1,491611,1,121385,1,3669516,1,11212,1,354195,1,11813,4,578328,4,78372,4,887877,4,1724325,8,2291741,132,315210,36,3397,1,27213,1,2785,1,0,0,0,0,0,0,454289,1,22874,1,9037,1,0,0,0,0,0,0,0,0,18465,1,392,1,9570,1,4982,1,18857,1,9570,1,48,1,0,0,0,0,0,0
29,6095900,4783,9570,34.763527,,0,14,11,132,38266,1433,6834,6057634,16,214,140,1,29838,1,70,1,1963086,1,511730,1,114431,1,3427248,1,11091,1,341440,1,11993,4,540054,4,78873,4,818613,4,1600395,8,2295759,132,116415,36,3326,1,28255,1,2866,1,0,0,0,0,0,0,481080,1,20059,1,5801,1,0,0,0,0,0,0,0,0,17239,1,139,1,9570,1,4783,1,17378,1,9570,1,48,1,0,0,0,0,0,0
30,5896800,4670,9570,34.680073,,0,13,11,132,31898,1212,5161,5864902,16,202,40,1,30038,1,130,1,1945923,1,530195,1,111616,1,3236058,1,10901,1,333796,1,12063,4,526809,4,78682,4,783094,4,1467287,8,2138374,132,106847,24,3276,1,27132,1,2705,1,0,0,0,0,0,0,499436,1,20750,1,5521,1,0,0,0,0,0,0,0,0,16931,1,131,1,9570,1,4670,1,17062,1,9570,1,48,1,0,0,0,0,0,0
31,5846100,4639,9570,34.593895,,0,13,11,132,33079,1192,4771,5813021,16,202,20,1,24798,1,120,1,1949951,1,496360,1,109422,1,3221279,1,11071,1,321983,1,11893,4,521038,4,79033,4,772604,4,1480243,8,2160386,132,87690,24,3246,1,27303,1,2745,1,0,0,0,0,0,0,466242,1,20239,1,5370,1,0,0,0,0,0,0,0,0,16699,1,106,1,9570,1,4639,1,16805,1,9570,1,48,1,0,0,0,0,0,0
32,5738000,4573,9570,34.504993,,0,13,11,132,31986,1132,5261,5706014,16,202,60,1,25139,1,90,1,1957586,1,516168,1,107558,1,3088262,1,11152,1,315059,1,12174,4,511389,4,78341,4,722477,4,1415988,8,2026809,132,106395,24,3086,1,25810,1,2805,1,0,0,0,0,0,0,488234,1,18856,1,4719,1,0,0,0,0,0,0,0,0,16368,1,130,1,9570,1,4573,1,16498,1,9570,1,48,1,0,0,0,0,0,0
33,5732100,4491,9570,34.413364,,0,13,11,132,34452,1433,8667,5697648,16,202,170,1,30329,1,80,1,1966403,1,481762,1,106596,1,3099053,1,13256,1,311062,1,12424,4,532710,4,78963,4,719982,4,1410467,8,2026959,132,94823,24,3036,1,26231,1,2745,1,0,0,0,0,0,0,453868,1,19548,1,5030,1,0,0,0,0,0,0,0,0,16106,1,116,1,9570,1,4491,1,16222,1,9570,1,48,1,0,0,0,0,0,0
34,6272600,5031,9570,34.31901,,0,14,11,132,31351,1122,5501,6241249,16,214,40,1,30068,1,30,1,1952396,1,476632,1,126735,1,3644368,1,10981,1,341631,1,11773,4,568049,4,78472,4,887156,4,1722160,8,2288775,132,315039,36,3336,1,27934,1,2735,1,0,0,0,0,0,0,442035,1,21892,1,9138,1,0,0,0,0,0,0,0,0,17973,1,388,1,9570,1,5031,1,18361,1,9570,1,48,1,0,0,0,0,0,0
35,5924000,4806,9570,34.221935,,0,14,11,132,31946,1152,5331,5892054,16,214,70,1,24908,1,30,1,1970310,1,509014,1,118429,1,3258151,1,11142,1,343745,1,12554,4,532269,4,79173,4,763807,4,1489430,8,2149787,132,98120,36,3397,1,29637,1,2986,1,0,0,0,0,0,0,479768,1,18095,1,7735,1,0,0,0,0,0,0,0,0,16833,1,118,1,9570,1,4806,1,16951,1,9570,1,48,1,0,0,0,0,0,0
36,5851500,4646,9570,34.12213,,0,14,11,132,31094,1182,5802,5820406,16,214,70,1,24938,1,60,1,1959499,1,516218,1,114491,1,3194097,1,11031,1,332022,1,11993,4,512511,4,79394,4,753637,4,1470534,8,2113527,132,104843,36,3136,1,26682,1,3006,1,0,0,0,0,0,0,483615,1,21421,1,6703,1,0,0,0,0,0,0,0,0,16171,1,126,1,9570,1,4646,1,16297,1,9570,1,48,1,0,0,0,0,0,0
37,5864600,4535,9570,34.019604,,0,13,10,120,31009,1132,5000,5833591,16,202,30,1,25359,1,100,1,1965731,1,489176,1,112888,1,3229335,1,10971,1,324217,1,11863,4,503844,4,79454,4,774979,4,1501604,8,2004255,120,267327,36,3036,1,26181,1,3026,1,0,0,0,0,0,0,459178,1,19247,1,6432,1,0,0,0,0,0,0,0,0,15408,1,325,1,9570,1,4535,1,15733,1,9570,1,48,1,0,0,0,0,0,0
38,5710700,4502,9570,33.91435,,0,13,11,132,31097,1092,5331,5679603,16,202,100,1,25129,1,40,1,1960080,1,483515,1,112988,1,3086529,1,11222,1,313146,1,12414,4,491190,4,79514,4,750561,4,1406871,8,2066225,132,85876,24,3086,1,25760,1,2896,1,0,0,0,0,0,0,454469,1,19267,1,6553,1,0,0,0,0,0,0,0,0,15473,1,104,1,9570,1,4502,1,15577,1,9570,1,48,1,0,0,0,0,0,0
39,6204000,4984,9570,33.806374,,0,14,12,144,32045,1173,5632,6171955,16,214,70,1,25289,1,40,1,1969308,1,526047,1,130041,1,3509988,1,11172,1,357411,1,12494,4,552789,4,79534,4,854613,4,1617037,8,2360514,144,105504,24,3296,1,28876,1,2765,1,0,0,0,0,0,0,491270,1,21171,1,10130,1,0,0,0,0,0,0,0,0,17363,1,128,1,9570,1,4984,1,17491,1,9570,1,48,1,0,0,0,0,0,0
40,6223300,5009,9570,33.69567,,0,15,11,132,32698,1172,5712,6190602,16,226,10,1,24988,1,50,1,1955802,1,555725,1,127366,1,3515488,1,11172,1,366819,1,11823,4,550996,4,80906,4,851867,4,1615394,8,2250842,132,210707,48,3367,1,30379,1,2765,1,0,0,0,0,0,0,514495,1,22574,1,13015,1,0,0,0,0,0,0,0,0,17089,1,251,1,9570,1,5009,1,17340,1,9570,1,48,1,0,0,0,0,0,0
41,6036100,4852,9570,33.58224,,0,14,11,132,31628,1082,5221,6004472,16,214,40,1,24848,1,70,1,1959589,1,549573,1,123379,1,3335991,1,10981,1,350818,1,12294,4,528642,4,79414,4,788745,4,1542062,8,2167672,132,157915,36,3236,1,26972,1,2725,1,0,0,0,0,0,0,517491,1,20620,1,8005,1,0,0,0,0,0,0,0,0,16401,1,190,1,9570,1,4852,1,16591,1,9570,1,48,1,0,0,0,0,0,0
42,5978000,4753,9570,33.466087,,0,14,11,132,32102,1193,5321,5945898,16,214,20,1,25038,1,30,1,1960281,1,535966,1,121224,1,3292056,1,11282,1,335178,1,12294,4,511820,4,80044,4,806520,4,1509820,8,2182600,132,128418,36,3276,1,28916,1,2996,1,0,0,0,0,0,0,504025,1,20259,1,7044,1,0,0,0,0,0,0,0,0,15808,1,154,1,9570,1,4753,1,15962,1,9570,1,48,1,0,0,0,0,0,0
43,6015000,4728,9570,33.34721,,0,14,11,132,32611,1162,5712,5982389,16,214,10,1,25129,1,70,1,1970771,1,585282,1,122998,1,3266918,1,11212,1,346370,1,12204,4,505087,4,79694,4,772544,4,1510962,8,2124748,132,153046,36,3166,1,32894,1,2835,1,0,0,0,0,0,0,552579,1,21101,1,7084,1,0,0,0,0,0,0,0,0,15589,1,185,1,9570,1,4728,1,15774,1,9570,1,48,1,0,0,0,0,0,0
44,6246200,4996,9570,33.22561,,0,14,11,132,31612,1102,5492,6214588,16,214,30,1,25129,1,120,1,1966252,1,587386,1,130653,1,3493796,1,11222,1,359926,1,12284,4,540565,4,79684,4,834945,4,1631204,8,2232206,132,228452,36,3437,1,27944,1,2705,1,0,0,0,0,0,0,549883,1,21782,1,10781,1,0,0,0,0,0,0,0,0,16516,1,272,1,9570,1,4996,1,16788,1,9570,1,48,1,0,0,0,0,0,0
45,6388700,5112,9570,33.10128,,0,14,12,144,37643,1433,7896,6351057,16,214,160,1,30389,1,80,1,1965611,1,592330,1,171682,1,3579743,1,11061,1,446113,1,12504,4,584450,4,79083,4,821960,4,1595395,8,2301460,144,107999,24,3457,1,32523,1,2825,1,0,0,0,0,0,0,550620,1,24087,1,13216,1,0,0,0,0,0,0,0,0,17219,1,129,1,9570,1,5112,1,17348,1,9570,1,48,1,0,0,0,0,0,0
46,6161300,4923,9570,32.974224,,0,14,11,132,31025,1102,5752,6130275,16,214,50,1,29888,1,100,1,1956984,1,552078,1,129130,1,3451114,1,10931,1,359335,1,12214,4,523051,4,79353,4,845245,4,1595626,8,2179003,132,256115,36,3367,1,29036,1,2785,1,0,0,0,0,0,0,517962,1,21181,1,8096,1,0,0,0,0,0,0,0,0,15971,1,307,1,9570,1,4923,1,16278,1,9570,1,48,1,0,0,0,0,0,0
47,5940200,4760,9570,32.844448,,0,14,11,132,31844,1052,5731,5908356,16,214,40,1,25119,1,100,1,1960201,1,522771,1,126154,1,3262980,1,10991,1,338094,1,12063,4,499706,4,79574,4,787363,4,1511162,8,2098678,132,194115,36,3206,1,28004,1,2755,1,0,0,0,0,0,0,488475,1,21031,1,8587,1,0,0,0,0,0,0,0,0,15212,1,234,1,9570,1,4760,1,15446,1,9570,1,48,1,0,0,0,0,0,0
48,6139100,5001,9570,32.711945,,0,14,12,144,32160,1112,6233,6106940,16,214,60,1,25149,1,40,1,1968587,1,529334,1,134069,1,3438479,1,11222,1,348885,1,12474,4,530796,4,79965,4,835977,4,1594854,8,2280189,144,144409,24,3346,1,28335,1,2735,1,0,0,0,0,0,0,494176,1,20099,1,10170,1,0,0,0,0,0,0,0,0,16273,1,176,1,9570,1,5001,1,16449,1,9570,1,48,1,0,0,0,0,0,0
49,6272600,5139,9570,32.576717,,0,14,12,144,31721,1192,5742,6240879,16,214,50,1,24848,1,60,1,1971332,1,570764,1,136835,1,3526089,1,10901,1,385646,1,12484,4,552549,4,79824,4,833512,4,1623950,8,2315948,144,135773,24,3467,1,30699,1,2765,1,0,0,0,0,0,0,531698,1,21251,1,12675,1,0,0,0,0,0,0,0,0,16761,1,162,1,9570,1,5139,1,16923,1,9570,1,48,1,0,0,0,0,0,0
50,6086900,4996,9570,32.438763,,0,14,12,144,31861,1182,6062,6055039,16,214,40,1,24948,1,60,1,1966864,1,571996,1,130693,1,3349207,1,11232,1,356399,1,12955,4,533632,4,79814,4,781231,4,1547893,8,2259669,144,63393,24,3336,1,30018,1,2745,1,0,0,0,0,0,0,536728,1,22884,1,8957,1,0,0,0,0,0,0,0,0,16396,1,76,1,9570,1,4996,1,16472,1,9570,1,48,1,0,0,0,0,0,0
51,6088800,4871,9570,32.298084,,0,13,11,132,31596,1082,5370,6057204,16,202,70,1,25048,1,100,1,1970671,1,573579,1,128589,1,3348235,1,10911,1,342643,1,12143,4,518463,4,79353,4,800248,4,1560708,8,2181208,132,174377,24,3367,1,27553,1,2675,1,0,0,0,0,0,0,540646,1,20069,1,8096,1,0,0,0,0,0,0,0,0,15840,1,210,1,9570,1,4871,1,16050,1,9570,1,48,1,0,0,0,0,0,0
52,6249400,5093,9570,32.154682,,0,14,11,132,33159,1152,5210,6216241,16,214,130,1,24968,1,30,1,1968206,1,563620,1,137566,1,3510779,1,10941,1,360277,1,12274,4,549513,4,79554,4,840555,4,1632176,8,2234571,132,232950,36,3447,1,29056,1,2775,1,0,0,0,0,0,0,528452,1,21291,1,10310,1,0,0,0,0,0,0,0,0,16703,1,282,1,9570,1,5093,1,16985,1,9570,1,48,1,0,0,0,0,0,0
53,6201000,4972,9570,32.008553,,0,13,11,132,38373,1333,7565,6162627,16,199,80,1,30108,1,50,1,1964058,1,562488,1,132356,1,3462185,1,11302,1,360207,1,12254,4,537960,4,78802,4,848310,4,1585286,8,2252916,132,173115,24,3507,1,31090,1,3437,1,0,0,0,0,0,0,527590,1,20229,1,9669,1,0,0,0,0,0,0,0,0,16437,1,208,1,9570,1,4972,1,16645,1,9570,1,48,1,0,0,0,0,0,0
54,5917100,4792,9570,31.8597,,0,13,11,132,32570,1343,5491,5884530,16,202,60,1,30559,1,220,1,1949640,1,539994,1,127396,1,3225658,1,11001,1,347793,1,12474,4,512321,4,79073,4,765871,4,1471616,8,2147462,132,84533,24,3387,1,29026,1,2755,1,0,0,0,0,0,0,504956,1,21752,1,8446,1,0,0,0,0,0,0,0,0,15830,1,102,1,9570,1,4792,1,15932,1,9570,1,48,1,0,0,0,0,0,0
55,6097600,4796,9570,31.70812,,0,13,10,120,32832,1192,5371,6064768,16,202,100,1,24958,1,90,1,1959509,1,549002,1,127306,1,3392771,1,11031,1,335018,1,12394,4,510517,4,79243,4,817551,4,1600144,8,2158073,120,254252,36,3326,1,30609,1,2775,1,0,0,0,0,0,0,514315,1,20720,1,9278,1,0,0,0,0,0,0,0,0,15396,1,306,1,9570,1,4796,1,15702,1,9570,1,48,1,0,0,0,0,0,0
56,6177100,4911,9570,31.553818,,0,13,10,120,31065,1182,4570,6146035,16,202,40,1,25058,1,160,1,1974178,1,554793,1,130643,1,3449952,1,11212,1,356479,1,12123,4,529885,4,79895,4,824745,4,1609292,8,2160808,120,268660,36,3306,1,30329,1,2715,1,0,0,0,0,0,0,518332,1,20660,1,12354,1,0,0,0,0,0,0,0,0,15945,1,319,1,9570,1,4911,1,16264,1,9570,1,48,1,0,0,0,0,0,0
57,6008700,4780,9570,31.39679,,0,14,10,120,32573,1163,5050,5976127,16,214,30,1,25078,1,120,1,1971523,1,574481,1,124791,1,3269112,1,10991,1,337382,1,12274,4,513503,4,79433,4,775760,4,1516984,8,2119558,120,168135,48,3316,1,26611,1,2685,1,0,0,0,0,0,0,540946,1,19568,1,9228,1,0,0,0,0,0,0,0,0,15714,1,201,1,9570,1,4780,1,15915,1,9570,1,48,1,0,0,0,0,0,0
58,6069700,4734,9570,31.237036,,0,13,10,120,33257,1062,4971,6036443,16,202,40,1,24918,1,30,1,1970150,1,630329,1,124501,1,3275234,1,11242,1,354606,1,13636,4,509706,4,79513,4,779297,4,1496284,8,2151530,120,119080,36,3437,1,34918,1,2775,1,0,0,0,0,0,0,594590,1,21882,1,8657,1,0,0,0,0,0,0,0,0,15644,1,141,1,9570,1,4734,1,15785,1,9570,1,48,1,0,0,0,0,0,0
59,5981700,4748,9570,31.074558,,0,13,10,120,32135,1222,4911,5949565,16,202,20,1,25399,1,40,1,1970210,1,569191,1,125382,1,3248302,1,11021,1,359024,1,12133,4,517090,4,79674,4,760110,4,1482527,8,2154145,120,83581,36,3276,1,30509,1,2735,1,0,0,0,0,0,0,533271,1,19538,1,11512,1,0,0,0,0,0,0,0,0,15913,1,100,1,9570,1,4748,1,16013,1,9570,1,48,1,0,0,0,0,0,0
60,5931900,4704,9570,30.909355,,0,12,10,120,31650,1182,4359,5900250,16,190,30,1,25379,1,50,1,1969218,1,539874,1,122457,1,3232020,1,11222,1,335078,1,12294,4,517070,4,79694,4,765400,4,1486996,8,2178332,120,69705,24,3186,1,28355,1,2765,1,0,0,0,0,0,0,508273,1,19538,1,8797,1,0,0,0,0,0,0,0,0,15920,1,82,1,9570,1,4704,1,16002,1,9570,1,48,1,0,0,0,0,0,0
61,5907800,4678,9570,30.741426,,0,12,10,120,31907,1102,4419,5875893,16,190,20,1,25149,1,30,1,1965511,1,561346,1,123208,1,3189658,1,10971,1,327483,1,12143,4,512491,4,79554,4,750211,4,1471977,8,2149666,120,68102,24,3156,1,28746,1,2795,1,0,0,0,0,0,0,527370,1,20470,1,8907,1,0,0,0,0,0,0,0,0,15884,1,81,1,9570,1,4678,1,15965,1,9570,1,48,1,0,0,0,0,0,0
62,5908400,4666,9570,30.570772,,0,12,10,120,34260,1192,4349,5874140,16,190,50,1,25149,1,40,1,1968366,1,557438,1,123088,1,3188827,1,11182,1,328074,1,12334,4,511890,4,79534,4,756122,4,1466155,8,2154967,120,62962,24,3086,1,27643,1,2795,1,0,0,0,0,0,0,523733,1,19347,1,9799,1,0,0,0,0,0,0,0,0,15772,1,75,1,9570,1,4666,1,15847,1,9570,1,48,1,0,0,0,0,0,0
63,5986000,4609,9570,30.397394,,0,11,9,108,29802,1232,4128,5956198,16,178,40,1,26000,1,110,1,1968336,1,535816,1,119591,1,3295072,1,11232,1,319277,1,12294,4,512030,4,79804,4,783465,4,1554005,8,2121663,108,211679,24,3106,1,27082,1,2775,1,0,0,0,0,0,0,503784,1,20309,1,8486,1,0,0,0,0,0,0,0,0,15605,1,248,1,9570,1,4609,1,15853,1,9570,1,48,1,0,0,0,0,0,0
64,5963200,4623,9570,30.22129,,0,12,9,108,32180,1242,4139,5931020,16,190,20,1,25209,1,50,1,1974278,1,534554,1,120764,1,3265144,1,11001,1,319418,1,12164,4,511780,4,79454,4,786531,4,1521623,8,2098928,108,205087,36,3076,1,27082,1,2775,1,0,0,0,0,0,0,504025,1,19678,1,7605,1,0,0,0,0,0,0,0,0,15755,1,241,1,9570,1,4623,1,15996,1,9570,1,48,1,0,0,0,0,0,0
65,5936800,4625,9570,30.042463,,0,12,9,108,31290,1152,4479,5905510,16,190,120,1,25780,1,40,1,1966603,1,529474,1,120313,1,3252179,1,11001,1,320600,1,12003,4,514004,4,79273,4,780860,4,1511814,8,2106383,108,181812,36,3146,1,26591,1,2735,1,0,0,0,0,0,0,496701,1,20951,1,8577,1,0,0,0,0,0,0,0,0,15812,1,212,1,9570,1,4625,1,16024,1,9570,1,48,1,0,0,0,0,0,0
66,5842100,4579,9570,29.860909,,0,12,9,108,30802,1112,4429,5811298,16,190,20,1,25259,1,50,1,1972665,1,505818,1,117828,1,3178717,1,10941,1,314298,1,12093,4,511910,4,79654,4,769208,4,1458230,8,2091274,108,131734,36,3026,1,26431,1,2755,1,0,0,0,0,0,0,477463,1,17053,1,8106,1,0,0,0,0,0,0,0,0,15822,1,154,1,9570,1,4579,1,15976,1,9570,1,48,1,0,0,0,0,0,0
67,5899400,4610,9570,29.67663,,0,12,9,108,32965,1152,3979,5866435,16,190,90,1,25159,1,110,1,1961153,1,558119,1,119271,1,3191321,1,11212,1,317494,1,12414,4,514836,4,80496,4,779558,4,1452870,8,2103276,108,125172,36,3206,1,26531,1,2765,1,0,0,0,0,0,0,526448,1,20289,1,8176,1,0,0,0,0,0,0,0,0,15966,1,146,1,9570,1,4610,1,16112,1,9570,1,48,1,0,0,0,0,0,0
68,5880400,4550,9570,29.489626,,0,11,9,108,31770,1112,4129,5848630,16,178,30,1,25129,1,20,1,1968747,1,549533,1,118299,1,3175691,1,11182,1,312735,1,12404,4,521178,4,79955,4,790589,4,1425487,8,2140549,108,71398,24,3136,1,26281,1,2815,1,0,0,0,0,0,0,519024,1,19608,1,7675,1,0,0,0,0,0,0,0,0,15946,1,82,1,9570,1,4550,1,16028,1,9570,1,48,1,0,0,0,0,0,0
69,5821900,4524,9570,29.299898,,0,11,9,108,32304,1242,4099,5789596,16,178,40,1,25279,1,30,1,1960752,1,551286,1,115163,1,3126085,1,10961,1,307935,1,12494,4,510217,4,79844,4,758286,4,1424445,8,2128455,108,50177,24,3116,1,25810,1,2695,1,0,0,0,0,0,0,522881,1,17604,1,6963,1,0,0,0,0,0,0,0,0,15963,1,58,1,9570,1,4524,1,16021,1,9570,1,48,1,0,0,0,0,0,0
70,5773000,4535,9570,29.107445,,0,11,9,108,33561,1152,4099,5739439,16,178,60,1,25269,1,60,1,1965120,1,555204,1,117557,1,3065147,1,11021,1,309208,1,12314,4,512221,4,79313,4,724060,4,1395809,8,2056677,108,59094,24,3146,1,25199,1,2725,1,0,0,0,0,0,0,524895,1,20650,1,6503,1,0,0,0,0,0,0,0,0,16066,1,69,1,9570,1,4535,1,16135,1,9570,1,48,1,0,0,0,0,0,0
71,5858100,4528,9570,28.912266,,0,11,9,108,31968,1132,4359,5826132,16,178,10,1,25239,1,50,1,1974308,1,548070,1,116846,1,3150497,1,11111,1,308136,1,12725,4,554412,4,79654,4,723730,4,1435942,8,2114544,108,40769,24,3046,1,28856,1,2866,1,0,0,0,0,0,0,516849,1,19989,1,6843,1,0,0,0,0,0,0,0,0,16175,1,47,1,9570,1,4528,1,16222,1,9570,1,48,1,0,0,0,0,0,0
72,5791800,4533,9570,28.714361,,0,11,9,108,33725,1252,3958,5758075,16,178,50,1,30479,1,180,1,1996701,1,541267,1,117447,1,3060899,1,11051,1,315320,1,12294,4,518964,4,79744,4,717658,4,1385780,8,2072658,108,26822,24,3046,1,24097,1,2745,1,0,0,0,0,0,0,511559,1,19518,1,6392,1,0,0,0,0,0,0,0,0,16235,1,31,1,9570,1,4533,1,16266,1,9570,1,48,1,0,0,0,0,0,0
73,5779900,4529,9570,28.745474,,0,10,9,108,31965,1092,4178,5747935,16,166,30,1,25008,1,50,1,1962335,1,533602,1,118309,1,3097470,1,11132,1,309519,1,12344,4,518142,4,79874,4,752605,4,1391130,8,2119869,108,19688,12,3186,1,26852,1,2725,1,0,0,0,0,0,0,503864,1,18977,1,6352,1,0,0,0,0,0,0,0,0,16290,1,23,1,9570,1,4529,1,16313,1,9570,1,48,1,0,0,0,0,0,0
74,6042300,4530,9570,28.77165,,0,11,9,108,31316,1172,3948,6010984,16,178,40,1,25139,1,40,1,1970851,1,595712,1,117888,1,3290143,1,11172,1,305000,1,12384,4,520176,4,79333,4,840465,4,1499470,8,2298234,108,37753,24,3116,1,26261,1,2765,1,0,0,0,0,0,0,566616,1,18416,1,6242,1,0,0,0,0,0,0,0,0,16318,1,43,1,9570,1,4530,1,16361,1,9570,1,48,1,0,0,0,0,0,0
75,5888300,4529,9570,28.79591,,0,10,9,108,33037,1032,4199,5855263,16,166,30,1,25569,1,50,1,1969028,1,561716,1,118058,1,3169670,1,11142,1,320249,1,12885,4,520236,4,79674,4,781932,4,1417702,8,2170336,108,25099,12,3216,1,29968,1,2775,1,0,0,0,0,0,0,530035,1,21431,1,5881,1,0,0,0,0,0,0,0,0,16337,1,30,1,9570,1,4529,1,16367,1,9570,1,48,1,0,0,0,0,0,0
76,5995600,4524,9570,28.816788,,0,10,9,108,32629,1122,4119,5962971,16,166,110,1,24858,1,40,1,1966022,1,613186,1,116966,1,3230838,1,10951,1,316171,1,12614,4,521749,4,80105,4,796731,4,1469011,8,2240903,108,20720,12,3086,1,27423,1,2825,1,0,0,0,0,0,0,584009,1,18907,1,5901,1,0,0,0,0,0,0,0,0,16366,1,24,1,9570,1,4524,1,16390,1,9570,1,48,1,0,0,0,0,0,0
77,5848100,4517,9570,28.83433,,0,10,9,108,32353,1132,3838,5815747,16,166,40,1,25149,1,180,1,1967525,1,540956,1,117357,1,3153578,1,10961,1,314308,1,12334,4,520456,4,80075,4,761372,4,1430827,8,2168763,108,19598,12,3276,1,27082,1,2715,1,0,0,0,0,0,0,511850,1,20289,1,5681,1,0,0,0,0,0,0,0,0,16419,1,23,1,9570,1,4517,1,16442,1,9570,1,48,1,0,0,0,0,0,0
78,5786100,4520,9570,28.848581,,0,10,9,108,34107,1142,4058,5751993,16,166,60,1,25068,1,110,1,1965691,1,552018,1,117788,1,3080096,1,11162,1,308096,1,12765,4,520426,4,79965,4,724271,4,1402442,8,2109749,108,12905,12,3156,1,25129,1,2705,1,0,0,0,0,0,0,523192,1,19778,1,5801,1,0,0,0,0,0,0,0,0,16423,1,15,1,9570,1,4520,1,16438,1,9570,1,48,1,0,0,0,0,0,0
79,6037000,4514,9568,28.862343,,0,10,9,108,37393,1493,7344,5999607,16,166,150,1,30449,1,90,1,1965381,1,591849,1,143508,1,3257189,1,10991,1,354475,1,14007,4,535956,4,79814,4,737506,4,1497817,8,2197379,108,30599,12,3296,1,29978,1,2846,1,0,0,0,0,0,0,560789,1,20179,1,6893,1,0,0,0,0,0,0,0,0,16435,1,36,1,9568,1,4514,1,16471,1,9568,1,48,1,0,0,0,0,0,0
80,5981600,4519,9568,28.873486,,0,10,9,108,35486,1333,4089,5946114,16,166,150,1,30439,1,170,1,1979087,1,548756,1,142455,1,3234104,1,10951,1,365868,1,13366,4,559492,4,79424,4,739690,4,1444263,8,2140378,108,39486,12,3286,1,24658,1,2725,1,0,0,0,0,0,0,515793,1,22133,1,6923,1,0,0,0,0,0,0,0,0,16444,1,47,1,9568,1,4519,1,16491,1,9568,1,48,1,0,0,0,0,0,0
81,5809900,4518,9568,28.88324,,0,10,9,108,32237,1182,4079,5777663,16,166,160,1,25159,1,80,1,1960301,1,537570,1,114802,1,3128600,1,10991,1,306903,1,12805,4,521108,4,79784,4,740793,4,1432550,8,2145798,108,23465,12,4028,1,26652,1,2795,1,0,0,0,0,0,0,508133,1,18977,1,6122,1,0,0,0,0,0,0,0,0,16476,1,27,1,9568,1,4518,1,16503,1,9568,1,48,1,0,0,0,0,0,0
82,5749800,4518,9568,28.892859,,0,10,9,108,31732,1142,3818,5718068,16,166,20,1,25189,1,100,1,1958147,1,533983,1,115684,1,3073975,1,10971,1,303537,1,12364,4,521619,4,79323,4,719551,4,1404115,8,2093307,108,26541,12,2916,1,26632,1,2775,1,0,0,0,0,0,0,504576,1,19608,1,6643,1,0,0,0,0,0,0,0,0,16476,1,31,1,9568,1,4518,1,16507,1,9568,1,48,1,0,0,0,0,0,0
83,5774000,4516,9568,28.90075,,0,10,9,108,31194,1192,3698,5742806,16,166,70,1,25189,1,60,1,1962555,1,535205,1,114542,1,3094144,1,11041,1,304890,1,12504,4,522310,4,80305,4,756683,4,1385048,8,2114048,108,23986,12,3156,1,25309,1,2745,1,0,0,0,0,0,0,506660,1,19267,1,4899,1,0,0,0,0,0,0,0,0,16487,1,28,1,9568,1,4516,1,16515,1,9568,1,48,1,0,0,0,0,0,0
84,5866200,4517,9567,28.907646,,0,10,9,108,33080,1182,4139,5833120,16,166,20,1,25339,1,40,1,1968206,1,540535,1,115353,1,3172655,1,10971,1,305010,1,12534,4,521659,4,80115,4,756824,4,1465163,8,2197078,108,20770,12,3286,1,23936,1,2946,1,0,0,0,0,0,0,512050,1,19718,1,5591,1,0,0,0,0,0,0,0,0,16504,1,24,1,9567,1,4517,1,16528,1,9567,1,48,1,0,0,0,0,0,0
85,5841600,4508,9565,28.914537,,0,10,9,108,36574,1082,4128,5805026,16,166,20,1,25419,1,80,1,1967575,1,535856,1,114762,1,3150312,1,11001,1,313176,1,12444,4,522490,4,79935,4,744269,4,1442490,8,2155358,108,27273,12,3036,1,28685,1,2705,1,0,0,0,0,0,0,505728,1,20780,1,5040,1,0,0,0,0,0,0,0,0,16470,1,32,1,9565,1,4508,1,16502,1,9565,1,48,1,0,0,0,0,0,0
86,5828500,4519,9565,28.920815,,0,10,9,108,36199,1363,8016,5792301,16,166,160,1,31150,1,90,1,1973897,1,538762,1,114461,1,3120394,1,13386,1,309899,1,12805,4,525556,4,82490,4,738288,4,1420517,8,2128896,108,21892,12,3186,1,23566,1,2725,1,0,0,0,0,0,0,510557,1,19488,1,5461,1,0,0,0,0,0,0,0,0,16503,1,26,1,9565,1,4519,1,16529,1,9565,1,48,1,0,0,0,0,0,0
87,5784100,4516,9565,28.92588,,0,10,9,108,33469,1122,4108,5750631,16,166,10,1,30489,1,100,1,1960782,1,537439,1,114531,1,3096047,1,11232,1,305641,1,13045,4,521729,4,80385,4,727166,4,1415958,8,2117154,108,21862,12,3066,1,25169,1,2765,1,0,0,0,0,0,0,508403,1,19808,1,5030,1,0,0,0,0,0,0,0,0,16480,1,26,1,9565,1,4516,1,16506,1,9565,1,48,1,0,0,0,0,0,0
88,5733500,4518,9565,28.930962,,0,10,9,108,31463,1353,6724,5702037,16,166,130,1,30860,1,70,1,1967956,1,500227,1,115453,1,3074035,1,13306,1,311001,1,12775,4,527660,4,79844,4,735212,4,1374067,8,2078850,108,23706,12,3086,1,26241,1,2795,1,0,0,0,0,0,0,471552,1,20189,1,4899,1,0,0,0,0,0,0,0,0,16493,1,28,1,9565,1,4518,1,16521,1,9565,1,48,1,0,0,0,0,0,0
89,5806500,4519,9565,28.935617,,0,10,9,108,31322,1193,3908,5775178,16,166,50,1,30339,1,70,1,1958147,1,540676,1,114902,1,3119983,1,11011,1,305160,1,12614,4,522631,4,80145,4,758066,4,1408915,8,2142593,108,20480,12,3186,1,25299,1,2775,1,0,0,0,0,0,0,511469,1,19788,1,5030,1,0,0,0,0,0,0,0,0,16514,1,24,1,9565,1,4519,1,16538,1,9565,1,48,1,0,0,0,0,0,0
90,5849200,4514,9565,28.939785,,0,11,9,108,31229,1222,4148,5817971,16,178,40,1,25269,1,40,1,1969228,1,536568,1,113560,1,3162235,1,11031,1,303327,1,12524,4,522691,4,79794,4,759869,4,1453531,8,2183532,108,25720,24,3106,1,22954,1,3216,1,0,0,0,0,0,0,506780,1,19568,1,5952,1,0,0,0,0,0,0,0,0,16497,1,31,1,9565,1,4514,1,16528,1,9565,1,48,1,0,0,0,0,0,0
91,5813000,4516,9565,28.943506,,0,10,9,108,31900,1252,4078,5781100,16,166,30,1,25459,1,170,1,1966373,1,540114,1,113690,1,3123771,1,11492,1,305481,1,12304,4,523312,4,79454,4,739781,4,1430897,8,2143916,108,22684,12,3136,1,25299,1,2856,1,0,0,0,0,0,0,510768,1,19989,1,5040,1,0,0,0,0,0,0,0,0,16544,1,27,1,9565,1,4516,1,16571,1,9565,1,48,1,0,0,0,0,0,0
92,5795800,4512,9565,28.946703,,0,10,9,108,31894,1082,4008,5763906,16,166,40,1,25479,1,80,1,1965611,1,538922,1,113840,1,3108912,1,11021,1,303677,1,12664,4,523583,4,79574,4,733869,4,1423533,8,2124839,108,28555,12,2996,1,25169,1,2765,1,0,0,0,0,0,0,509816,1,19989,1,4869,1,0,0,0,0,0,0,0,0,16538,1,34,1,9565,1,4512,1,16572,1,9565,1,48,1,0,0,0,0,0,0
93,5844100,4508,9565,28.949604,,0,10,9,108,32682,1192,4068,5811418,16,166,100,1,25189,1,70,1,1980330,1,577367,1,113510,1,3103462,1,11392,1,300140,1,12464,4,523492,4,79404,4,737897,4,1416920,8,2122324,108,28425,12,3026,1,26161,1,2765,1,0,0,0,0,0,0,552248,1,17213,1,4709,1,0,0,0,0,0,0,0,0,16531,1,34,1,9565,1,4508,1,16565,1,9565,1,48,1,0,0,0,0,0,0
94,5830700,4522,9565,28.952375,,0,10,9,108,33008,1082,4038,5797692,16,166,20,1,25319,1,120,1,1969469,1,531277,1,118639,1,3141655,1,11192,1,305721,1,12083,4,524324,4,79614,4,764228,4,1423342,8,2150258,108,33274,12,3176,1,25319,1,2765,1,0,0,0,0,0,0,502392,1,19357,1,5170,1,0,0,0,0,0,0,0,0,16525,1,39,1,9565,1,4522,1,16564,1,9565,1,48,1,0,0,0,0,0,0
95,5984400,4519,9565,28.954878,,0,10,9,108,33292,1242,3758,5951108,16,166,40,1,25289,1,120,1,1963016,1,549122,1,119321,1,3283129,1,11071,1,305060,1,14598,4,526679,4,80325,4,792082,4,1526742,8,2284417,108,30649,12,5881,1,27603,1,2916,1,0,0,0,0,0,0,519765,1,19888,1,5180,1,0,0,0,0,0,0,0,0,16552,1,34,1,9565,1,4519,1,16586,1,9565,1,48,1,0,0,0,0,0,0
96,5870200,4521,9565,28.957104,,0,10,9,108,32972,1303,4509,5837228,16,166,130,1,30429,1,261,1,1958848,1,544593,1,114632,1,3175030,1,13306,1,308026,1,12664,4,524274,4,79794,4,772624,4,1444453,8,2179815,108,32753,12,3166,1,25980,1,2745,1,0,0,0,0,0,0,515156,1,19588,1,4920,1,0,0,0,0,0,0,0,0,16560,1,40,1,9565,1,4521,1,16600,1,9565,1,48,1,0,0,0,0,0,0
97,5877700,4517,9565,28.9592,,0,10,9,108,32176,1292,4148,5845524,16,166,40,1,30289,1,50,1,1946975,1,548421,1,116195,1,3192604,1,10951,1,306382,1,12434,4,525095,4,80105,4,770129,4,1464642,8,2192339,108,38284,12,3316,1,26441,1,2765,1,0,0,0,0,0,0,518603,1,20179,1,5100,1,0,0,0,0,0,0,0,0,16549,1,46,1,9565,1,4517,1,16595,1,9565,1,48,1,0,0,0,0,0,0
98,5987100,4515,9565,28.960983,,0,10,9,108,32159,1282,3828,5954941,16,166,30,1,25650,1,40,1,1967334,1,532089,1,113199,1,3305377,1,11222,1,304419,1,12654,4,572317,4,79333,4,797477,4,1504800,8,2265456,108,32994,12,3206,1,27102,1,2785,1,0,0,0,0,0,0,504435,1,19678,1,4839,1,0,0,0,0,0,0,0,0,16575,1,40,1,9565,1,4515,1,16615,1,9565,1,48,1,0,0,0,0,0,0
99,5929300,4520,9565,28.96278,,0,10,9,108,32507,1232,4620,5896793,16,166,130,1,30389,1,20,1,1958618,1,589881,1,114542,1,3192163,1,11051,1,309148,1,12454,4,523372,4,79774,4,760601,4,1472978,8,2202168,108,26792,12,2996,1,26842,1,2765,1,0,0,0,0,0,0,562137,1,18325,1,5090,1,0,0,0,0,0,0,0,0,16589,1,32,1,9565,1,4520,1,16621,1,9565,1,48,1,0,0,0,0,0,0
100,5792400,4521,9564,28.964386,,0,10,9,108,33313,1192,4139,5759087,16,166,60,1,25179,1,40,1,1965491,1,527430,1,114481,1,3115405,1,11001,1,306072,1,12725,4,525496,4,79634,4,737737,4,1421489,8,2122344,108,32743,12,3106,1,25179,1,2775,1,0,0,0,0,0,0,500227,1,18877,1,5160,1,0,0,0,0,0,0,0,0,16587,1,39,1,9564,1,4521,1,16626,1,9564,1,48,1,0,0,0,0,0,0
101,5823400,4521,9564,28.965906,,0,10,9,108,32572,1062,4348,5790828,16,166,40,1,25269,1,60,1,1970671,1,537359,1,114622,1,3131766,1,11041,1,304789,1,12374,4,525727,4,80135,4,740622,4,1435797,8,2144878,108,27193,12,3216,1,25259,1,2785,1,0,0,0,0,0,0,511369,1,16963,1,4739,1,0,0,0,0,0,0,0,0,16610,1,32,1,9564,1,4521,1,16642,1,9564,1,48,1,0,0,0,0,0,0
102,5842400,4521,9563,28.967402,,0,10,9,108,31142,1072,4560,5811258,16,166,50,1,25309,1,60,1,1973066,1,518863,1,113980,1,3168888,1,11041,1,306443,1,12113,4,525386,4,79253,4,762615,4,1453040,8,2174394,108,36701,12,3016,1,23165,1,2785,1,0,0,0,0,0,0,491170,1,18877,1,4549,1,0,0,0,0,0,0,0,0,16608,1,44,1,9563,1,4521,1,16652,1,9563,1,48,1,0,0,0,0,0,0
103,5877200,4520,9563,28.968788,,0,10,9,108,31355,1102,4048,5845845,16,166,30,1,25229,1,60,1,1960872,1,531438,1,114121,1,3202854,1,11242,1,302816,1,12474,4,525917,4,80195,4,775880,4,1472898,8,2206707,108,38024,12,3076,1,25680,1,2815,1,0,0,0,0,0,0,503924,1,18486,1,4839,1,0,0,0,0,0,0,0,0,16622,1,45,1,9563,1,4520,1,16667,1,9563,1,48,1,0,0,0,0,0,0
104,5860600,4522,9563,28.969984,,0,10,9,108,32690,1012,3989,5827910,16,166,30,1,25058,1,40,1,1968787,1,539173,1,114582,1,3169249,1,10991,1,303216,1,12624,4,526147,4,80165,4,775299,4,1439694,8,2166639,108,44366,12,3116,1,25219,1,2755,1,0,0,0,0,0,0,510898,1,19618,1,4368,1,0,0,0,0,0,0,0,0,16622,1,53,1,9563,1,4522,1,16675,1,9563,1,48,1,0,0,0,0,0,0
105,5875900,4518,9563,28.971111,,0,10,9,108,31458,1182,4138,5844442,16,166,30,1,25319,1,30,1,1968306,1,534774,1,114882,1,3190139,1,10961,1,303337,1,12654,4,526398,4,79824,4,777453,4,1458120,8,2190135,108,41300,12,3156,1,25219,1,2795,1,0,0,0,0,0,0,505858,1,19698,1,4990,1,0,0,0,0,0,0,0,0,16621,1,49,1,9563,1,4518,1,16670,1,9563,1,48,1,0,0,0,0,0,0
106,5829400,4521,9563,28.97221,,0,10,9,108,31588,1182,4589,5797812,16,166,20,1,25409,1,120,1,1970711,1,527600,1,114552,1,3148378,1,11021,1,301343,1,12775,4,526719,4,79434,4,742837,4,1453431,8,2155538,108,36140,12,3036,1,24838,1,2785,1,0,0,0,0,0,0,499716,1,19197,1,4479,1,0,0,0,0,0,0,0,0,16635,1,42,1,9563,1,4521,1,16677,1,9563,1,48,1,0,0,0,0,0,0
107,5964700,4523,9563,28.97325,,0,10,9,108,35770,1413,7094,5928930,16,166,170,1,30389,1,80,1,1957576,1,551010,1,142886,1,3235898,1,10921,1,356409,1,13386,4,553550,4,79043,4,746223,4,1454182,8,2159887,108,33425,12,3126,1,25760,1,2805,1,0,0,0,0,0,0,520742,1,20540,1,5841,1,0,0,0,0,0,0,0,0,16652,1,40,1,9563,1,4523,1,16692,1,9563,1,48,1,0,0,0,0,0,0
108,5830800,4515,9562,28.974203,,0,10,9,108,30904,1102,4579,5799896,16,166,20,1,29998,1,70,1,1947316,1,539714,1,113960,1,3157757,1,11061,1,302846,1,12504,4,526568,4,79564,4,752395,4,1450615,8,2163344,108,35088,12,3156,1,26241,1,2765,1,0,0,0,0,0,0,512130,1,18526,1,4779,1,0,0,0,0,0,0,0,0,16660,1,41,1,9562,1,4515,1,16701,1,9562,1,48,1,0,0,0,0,0,0
109,5837100,4517,9562,28.975157,,0,10,9,108,33186,1152,4228,5803914,16,166,40,1,25289,1,50,1,1971042,1,529274,1,112177,1,3155021,1,11021,1,301082,1,12705,4,527921,4,79664,4,752465,4,1447179,8,2155528,108,39887,12,3116,1,26772,1,2966,1,0,0,0,0,0,0,502371,1,17734,1,4879,1,0,0,0,0,0,0,0,0,16684,1,47,1,9562,1,4517,1,16731,1,9562,1,48,1,0,0,0,0,0,0
110,5935000,4516,9562,28.976004,,0,10,9,108,32977,1232,3908,5902023,16,166,10,1,25459,1,40,1,1972815,1,504405,1,115083,1,3273220,1,10991,1,306603,1,12224,4,527360,4,80345,4,786812,4,1520951,8,2272114,108,31741,12,3467,1,30579,1,3647,1,0,0,0,0,0,0,476121,1,19608,1,4409,1,0,0,0,0,0,0,0,0,16690,1,36,1,9562,1,4516,1,16726,1,9562,1,48,1,0,0,0,0,0,0
111,5967400,4515,9562,28.976778,,0,10,9,108,33866,1122,3908,5933534,16,166,140,1,25780,1,40,1,1973897,1,532079,1,116375,1,3274112,1,11111,1,343705,1,12334,4,525797,4,79854,4,774117,4,1494099,8,2236916,108,27393,12,6082,1,34076,1,2926,1,0,0,0,0,0,0,497282,1,25139,1,4749,1,0,0,0,0,0,0,0,0,16691,1,32,1,9562,1,4515,1,16723,1,9562,1,48,1,0,0,0,0,0,0
112,5877200,4519,9562,28.977486,,0,10,9,108,31475,1062,4519,5845725,16,166,50,1,25640,1,40,1,1966533,1,519925,1,114071,1,3208234,1,11232,1,321141,1,12444,4,527340,4,79604,4,776381,4,1457949,8,2196427,108,33385,12,2956,1,26521,1,2835,1,0,0,0,0,0,0,491380,1,19448,1,4849,1,0,0,0,0,0,0,0,0,16685,1,40,1,9562,1,4519,1,16725,1,9562,1,48,1,0,0,0,0,0,0
113,5881000,4520,9562,28.978231,,0,10,9,108,32310,1102,4139,5848690,16,166,50,1,25329,1,30,1,1969980,1,540215,1,114411,1,3187664,1,11011,1,309058,1,12534,4,528702,4,80436,4,778015,4,1444554,8,2186397,108,32032,12,3417,1,27022,1,2825,1,0,0,0,0,0,0,511128,1,20089,1,4659,1,0,0,0,0,0,0,0,0,16698,1,38,1,9562,1,4520,1,16736,1,9562,1,48,1,0,0,0,0,0,0
114,5900300,4520,9562,28.97893,,0,10,9,108,31631,1152,3988,5868669,16,166,40,1,25279,1,30,1,1956143,1,544142,1,115022,1,3216721,1,11292,1,306813,1,12775,4,534433,4,79754,4,785269,4,1465755,8,2212959,108,34076,12,3086,1,24788,1,2896,1,0,0,0,0,0,0,514765,1,20239,1,4839,1,0,0,0,0,0,0,0,0,16706,1,40,1,9562,1,4520,1,16746,1,9562,1,48,1,0,0,0,0,0,0
115,5924000,4519,9561,28.979557,,0,10,9,108,30934,1142,4670,5893066,16,166,20,1,25209,1,40,1,1969118,1,547058,1,113820,1,3226590,1,11212,1,304870,1,12935,4,528382,4,79454,4,778315,4,1490633,8,2233579,108,30699,12,3296,1,24698,1,2866,1,0,0,0,0,0,0,518813,1,20379,1,4659,1,0,0,0,0,0,0,0,0,16724,1,36,1,9561,1,4519,1,16760,1,9561,1,48,1,0,0,0,0,0,0
116,5856500,4526,9561,28.980162,,0,10,9,108,30413,1132,4589,5826087,16,166,30,1,25028,1,100,1,1965160,1,542078,1,114972,1,3167716,1,11001,1,305270,1,12143,4,527450,4,79614,4,754669,4,1455254,8,2171569,108,33765,12,3156,1,26171,1,2856,1,0,0,0,0,0,0,511870,1,20740,1,5250,1,0,0,0,0,0,0,0,0,16733,1,40,1,9561,1,4526,1,16773,1,9561,1,48,1,0,0,0,0,0,0
117,5817700,4519,9561,28.980728,,0,10,9,108,32873,1092,3988,5784827,16,166,30,1,25189,1,80,1,1974989,1,531798,1,114020,1,3127809,1,10911,1,301072,1,12544,4,529334,4,79854,4,739640,4,1433312,8,2135319,108,33645,12,3236,1,24888,1,2835,1,0,0,0,0,0,0,505538,1,17784,1,4198,1,0,0,0,0,0,0,0,0,16723,1,40,1,9561,1,4519,1,16763,1,9561,1,48,1,0,0,0,0,0,0
118,5858500,4521,9561,28.981266,,0,10,9,108,33035,1082,4579,5825465,16,166,100,1,25179,1,40,1,1965932,1,538311,1,114041,1,3170822,1,11041,1,305180,1,12424,4,529985,4,80105,4,756333,4,1457489,8,2175607,108,33635,12,2976,1,22453,1,2795,1,0,0,0,0,0,0,509836,1,20319,1,4789,1,0,0,0,0,0,0,0,0,16755,1,40,1,9561,1,4521,1,16795,1,9561,1,48,1,0,0,0,0,0,0
119,5816000,4517,9561,28.981787,,0,10,9,108,31764,1082,4409,5784236,16,166,10,1,25249,1,70,1,1975099,1,521328,1,115022,1,3136505,1,10951,1,304940,1,12594,4,528131,4,79714,4,745031,4,1434454,8,2144998,108,30078,12,2946,1,24808,1,2805,1,0,0,0,0,0,0,491420,1,20860,1,4709,1,0,0,0,0,0,0,0,0,16748,1,36,1,9561,1,4517,1,16784,1,9561,1,48,1,0,0,0,0,0,0
120,5846800,4523,9561,28.982262,,0,10,9,108,32586,1052,4389,5814214,16,166,10,1,25149,1,40,1,1966884,1,492683,1,113820,1,3204687,1,10941,1,301243,1,12224,4,532089,4,80015,4,784918,4,1462468,8,2209262,108,33735,12,3106,1,24768,1,2805,1,0,0,0,0,0,0,466422,1,17614,1,4399,1,0,0,0,0,0,0,0,0,16776,1,40,1,9561,1,4523,1,16816,1,9561,1,48,1,0,0,0,0,0,0
121,6020700,4523,9561,28.98269,,0,10,9,108,39018,1473,6904,5981682,16,166,170,1,30739,1,80,1,1966904,1,549026,1,143608,1,3278260,1,12895,1,368613,1,13015,4,561776,4,78893,4,775159,4,1447259,8,2182450,108,33064,12,3527,1,25680,1,2866,1,0,0,0,0,0,0,518808,1,20790,1,5571,1,0,0,0,0,0,0,0,0,16768,1,40,1,9561,1,4523,1,16808,1,9561,1,48,1,0,0,0,0,0,0
122,5899400,4521,9561,28.983118,,0,10,9,108,32154,1072,4460,5867246,16,166,80,1,30269,1,30,1,1958658,1,525186,1,115103,1,3226900,1,11021,1,303998,1,12745,4,529704,4,80075,4,786190,4,1481174,8,2232486,108,30419,12,3146,1,26010,1,2785,1,0,0,0,0,0,0,496039,1,20279,1,4579,1,0,0,0,0,0,0,0,0,16780,1,36,1,9561,1,4521,1,16816,1,9561,1,48,1,0,0,0,0,0,0
123,5920000,4522,9561,28.98351,,0,10,9,108,32905,1112,4369,5887095,16,166,40,1,25319,1,50,1,1970150,1,547358,1,114552,1,3218624,1,11001,1,304840,1,12404,4,530596,4,80075,4,782804,4,1475684,8,2220704,108,33415,12,3106,1,25259,1,2745,1,0,0,0,0,0,0,519705,1,19798,1,4699,1,0,0,0,0,0,0,0,0,16773,1,40,1,9561,1,4522,1,16813,1,9561,1,48,1,0,0,0,0,0,0
124,5895800,4518,9561,28.98387,,0,10,9,108,31920,1102,3968,5863880,16,166,40,1,25259,1,50,1,1973977,1,540475,1,113920,1,3199227,1,10931,1,304128,1,12524,4,530626,4,79975,4,777984,4,1462638,8,2216075,108,20580,12,3106,1,24417,1,2725,1,0,0,0,0,0,0,513283,1,19798,1,4258,1,0,0,0,0,0,0,0,0,16794,1,24,1,9561,1,4518,1,16818,1,9561,1,48,1,0,0,0,0,0,0
125,5977900,4521,9561,28.984217,,0,10,9,108,35098,1122,4469,5942802,16,166,20,1,25058,1,120,1,1969599,1,621001,1,113910,1,3201992,1,11101,1,300992,1,12474,4,530626,4,79724,4,766302,4,1479812,8,2221646,108,19999,12,3186,1,25008,1,2745,1,0,0,0,0,0,0,595472,1,17013,1,4208,1,0,0,0,0,0,0,0,0,16816,1,24,1,9561,1,4521,1,16840,1,9561,1,48,1,0,0,0,0,0,0
126,5817500,4521,9561,28.984558,,0,10,9,108,31932,1172,4199,5785568,16,166,40,1,25249,1,90,1,1970400,1,533301,1,113770,1,3131696,1,11021,1,304880,1,12244,4,528953,4,79704,4,744379,4,1429845,8,2149766,108,20259,12,3066,1,24668,1,2785,1,0,0,0,0,0,0,505337,1,19207,1,4499,1,0,0,0,0,0,0,0,0,16826,1,24,1,9561,1,4521,1,16850,1,9561,1,48,1,0,0,0,0,0,0
127,5881500,4517,9561,28.98485,,0,10,9,108,32098,1173,4258,5849402,16,166,40,1,25179,1,60,1,1971933,1,542679,1,113830,1,3184689,1,10991,1,303337,1,12675,4,532009,4,82920,4,757986,4,1462939,8,2195556,108,21111,12,3086,1,25770,1,2795,1,0,0,0,0,0,0,515507,1,18426,1,4459,1,0,0,0,0,0,0,0,0,16852,1,24,1,9561,1,4517,1,16876,1,9561,1,48,1,0,0,0,0,0,0
128,5923100,4522,9561,28.98514,,0,10,9,108,41737,6262,4228,5881363,16,161,20,1,25129,1,40,1,1989878,1,529083,1,116235,1,3207312,1,13666,1,339577,1,13115,4,555354,4,79384,4,743177,4,1434294,8,2148845,108,24397,12,3216,1,29968,1,2966,1,0,0,0,0,0,0,500287,1,20971,1,4248,1,0,0,0,0,0,0,0,0,16842,1,28,1,9561,1,4522,1,16870,1,9561,1,48,1,0,0,0,0,0,0
129,5867800,4521,9561,28.98541,,0,10,9,108,34039,1192,4450,5833761,16,166,40,1,30749,1,110,1,1960762,1,545044,1,114431,1,3171603,1,11021,1,321672,1,12725,4,531778,4,80145,4,748507,4,1442079,8,2162371,108,23766,12,2996,1,27724,1,2785,1,0,0,0,0,0,0,517391,1,18967,1,4399,1,0,0,0,0,0,0,0,0,16861,1,28,1,9561,1,4521,1,16889,1,9561,1,48,1,0,0,0,0,0,0
130,5850400,4519,9560,28.98568,,0,10,9,108,32670,1202,4439,5817730,16,166,70,1,25239,1,50,1,1972014,1,505738,1,114041,1,3189618,1,10961,1,307855,1,12825,4,530536,4,79814,4,779137,4,1447429,8,2198721,108,23405,12,2996,1,25078,1,2745,1,0,0,0,0,0,0,478335,1,19658,1,4579,1,0,0,0,0,0,0,0,0,16862,1,28,1,9560,1,4519,1,16890,1,9560,1,48,1,0,0,0,0,0,0
131,5862800,4526,9559,28.98593,,0,10,9,108,31543,1102,4109,5831257,16,166,80,1,25008,1,50,1,1961884,1,526769,1,114271,1,3192043,1,11152,1,305391,1,12594,4,532610,4,80335,4,780028,4,1449182,8,2198190,108,26912,12,2976,1,25078,1,2745,1,0,0,0,0,0,0,499576,1,19428,1,4128,1,0,0,0,0,0,0,0,0,16896,1,32,1,9559,1,4526,1,16928,1,9559,1,48,1,0,0,0,0,0,0
132,5890800,4524,9559,28.986149,,0,10,9,108,31820,1192,4299,5858980,16,166,40,1,25249,1,30,1,1968737,1,538662,1,112978,1,3202313,1,10971,1,305010,1,12324,4,533181,4,79945,4,776542,4,1463590,8,2209211,108,26621,12,3036,1,24758,1,2735,1,0,0,0,0,0,0,509826,1,20379,1,4168,1,0,0,0,0,0,0,0,0,16900,1,32,1,9559,1,4524,1,16932,1,9559,1,48,1,0,0,0,0,0,0
133,5933700,4516,9559,28.98636,,0,10,9,108,32628,1142,4539,5901072,16,166,40,1,25259,1,50,1,1967966,1,541317,1,113880,1,3241599,1,10961,1,304479,1,12695,4,531869,4,79985,4,796240,4,1484481,8,2252245,108,23936,12,3206,1,24748,1,2755,1,0,0,0,0,0,0,512581,1,20319,1,4198,1,0,0,0,0,0,0,0,0,16892,1,28,1,9559,1,4516,1,16920,1,9559,1,48,1,0,0,0,0,0,0
134,5898100,4520,9559,28.98657,,0,10,9,108,32908,1182,4139,5865192,16,166,30,1,24858,1,30,1,1965000,1,542720,1,113239,1,3208354,1,10961,1,303838,1,12755,4,532470,4,80085,4,778135,4,1469402,8,2219621,108,23776,12,3236,1,24517,1,2735,1,0,0,0,0,0,0,515156,1,19127,1,4228,1,0,0,0,0,0,0,0,0,16901,1,28,1,9559,1,4520,1,16929,1,9559,1,48,1,0,0,0,0,0,0
135,5789900,4522,9559,28.986776,,0,10,9,108,31645,1092,4249,5758255,16,166,30,1,25259,1,30,1,1966142,1,529995,1,112888,1,3112860,1,11051,1,302174,1,12424,4,530746,4,79373,4,733488,4,1423002,8,2129888,108,22353,12,3116,1,24678,1,2765,1,0,0,0,0,0,0,502482,1,20389,1,4038,1,0,0,0,0,0,0,0,0,16906,1,26,1,9559,1,4522,1,16932,1,9559,1,48,1,0,0,0,0,0,0
136,5849000,4519,9559,28.986969,,0,10,9,108,33704,1042,4499,5815296,16,166,50,1,25179,1,30,1,1973947,1,543641,1,112788,1,3148709,1,10951,1,301032,1,12234,4,532229,4,79874,4,747475,4,1444283,8,2161800,108,25459,12,3236,1,24568,1,2735,1,0,0,0,0,0,0,517691,1,17374,1,4368,1,0,0,0,0,0,0,0,0,16892,1,30,1,9559,1,4519,1,16922,1,9559,1,48,1,0,0,0,0,0,0
137,5838800,4521,9559,28.987137,,0,10,9,108,32442,1112,4288,5806358,16,166,40,1,24958,1,30,1,1965351,1,535185,1,113700,1,3156093,1,11001,1,302916,1,12644,4,542078,4,79654,4,742726,4,1444543,8,2154046,108,28936,12,3006,1,24698,1,2715,1,0,0,0,0,0,0,507592,1,19197,1,4088,1,0,0,0,0,0,0,0,0,16889,1,34,1,9559,1,4521,1,16923,1,9559,1,48,1,0,0,0,0,0,0
138,5827400,4521,9559,28.9873,,0,10,9,108,30029,1052,4279,5797371,16,166,30,1,25189,1,100,1,1971182,1,505848,1,112508,1,3171353,1,11162,1,303196,1,12634,4,531869,4,79484,4,775820,4,1436538,8,2178933,108,29146,12,3126,1,24828,1,2805,1,0,0,0,0,0,0,477103,1,20339,1,4048,1,0,0,0,0,0,0,0,0,16884,1,34,1,9559,1,4521,1,16918,1,9559,1,48,1,0,0,0,0,0,0
139,5867400,4521,9559,28.987465,,0,10,9,108,33448,1423,7936,5833952,16,166,150,1,30359,1,90,1,1962154,1,544333,1,115153,1,3168818,1,12895,1,303246,1,12564,4,530496,4,79474,4,777894,4,1432039,8,2172781,108,29216,12,3176,1,25650,1,2856,1,0,0,0,0,0,0,515978,1,19788,1,4008,1,0,0,0,0,0,0,0,0,16900,1,34,1,9559,1,4521,1,16934,1,9559,1,48,1,0,0,0,0,0,0
140,5862200,4518,9559,28.987623,,0,10,9,108,31685,1192,4409,5830515,16,166,40,1,30218,1,120,1,1945833,1,536327,1,112648,1,3194347,1,10981,1,302094,1,12574,4,531067,4,79343,4,776071,4,1461126,8,2203872,108,28916,12,3126,1,24988,1,2765,1,0,0,0,0,0,0,509696,1,19528,1,3998,1,0,0,0,0,0,0,0,0,16905,1,34,1,9559,1,4518,1,16939,1,9559,1,48,1,0,0,0,0,0,0
141,5936600,4523,9559,28.987766,,0,10,9,108,32993,1232,4249,5903607,16,166,90,1,25329,1,40,1,1970070,1,532720,1,113449,1,3250897,1,11011,1,303146,1,12614,4,532921,4,79804,4,771282,4,1519749,8,2252666,108,34116,12,3146,1,24247,1,2755,1,0,0,0,0,0,0,504055,1,20189,1,5350,1,0,0,0,0,0,0,0,0,16895,1,40,1,9559,1,4523,1,16935,1,9559,1,48,1,0,0,0,0,0,0
142,5883600,4524,9559,28.987892,,0,10,9,108,30531,1143,4519,5853069,16,166,60,1,25018,1,10,1,1969388,1,541587,1,114031,1,3192003,1,10971,1,304619,1,12755,4,533442,4,80275,4,762044,4,1467398,8,2192670,108,32252,12,2936,1,24648,1,2745,1,0,0,0,0,0,0,515467,1,18716,1,4238,1,0,0,0,0,0,0,0,0,16904,1,38,1,9559,1,4524,1,16942,1,9559,1,48,1,0,0,0,0,0,0
143,5902100,4523,9559,28.98802,,0,10,9,108,30425,1152,4811,5871675,16,166,40,1,25109,1,50,1,1971062,1,533031,1,113530,1,3217672,1,11182,1,304409,1,12544,4,533422,4,79814,4,768196,4,1487266,8,2218339,108,32312,12,3938,1,24117,1,2815,1,0,0,0,0,0,0,504706,1,19939,1,4088,1,0,0,0,0,0,0,0,0,16913,1,38,1,9559,1,4523,1,16951,1,9559,1,48,1,0,0,0,0,0,0
144,5869800,4520,9559,28.988153,,0,10,9,108,31840,1082,4449,5837960,16,166,50,1,25219,1,40,1,1973326,1,543731,1,113560,1,3171002,1,11031,1,301042,1,12524,4,533872,4,79915,4,756112,4,1455725,8,2175617,108,31771,12,3136,1,24838,1,2755,1,0,0,0,0,0,0,516659,1,18566,1,4248,1,0,0,0,0,0,0,0,0,16911,1,38,1,9559,1,4520,1,16949,1,9559,1,48,1,0,0,0,0,0,0
145,5840800,4519,9559,28.98826,,0,10,9,108,32488,1112,4329,5808312,16,166,20,1,25048,1,40,1,1966262,1,537780,1,113379,1,3154610,1,11172,1,303717,1,12444,4,533351,4,79554,4,749309,4,1444363,8,2160648,108,28695,12,3056,1,24918,1,2785,1,0,0,0,0,0,0,509986,1,19638,1,3877,1,0,0,0,0,0,0,0,0,16923,1,34,1,9559,1,4519,1,16957,1,9559,1,48,1,0,0,0,0,0,0
146,5864500,4520,9559,28.988363,,0,10,9,108,30238,1062,4589,5834262,16,166,40,1,25109,1,80,1,1973236,1,509074,1,113510,1,3202132,1,11081,1,304479,1,12254,4,531267,4,79955,4,759409,4,1480824,8,2209282,108,26361,12,5831,1,24177,1,2876,1,0,0,0,0,0,0,481050,1,19668,1,4078,1,0,0,0,0,0,0,0,0,16918,1,32,1,9559,1,4520,1,16950,1,9559,1,48,1,0,0,0,0,0,0
147,5861500,4522,9559,28.988459,,0,10,9,108,32538,1072,4439,5828962,16,166,40,1,24908,1,140,1,1970551,1,520817,1,113610,1,3187885,1,11011,1,301042,1,12394,4,533412,4,79814,4,781571,4,1446888,8,2198732,108,25289,12,3036,1,25890,1,2765,1,0,0,0,0,0,0,494095,1,19177,1,4419,1,0,0,0,0,0,0,0,0,16937,1,30,1,9559,1,4522,1,16967,1,9559,1,48,1,0,0,0,0,0,0
148,5878200,4517,9559,28.988543,,0,10,9,108,30492,1163,4198,5847708,16,166,60,1,25259,1,50,1,1962014,1,539904,1,112808,1,3196592,1,11021,1,305561,1,12374,4,533231,4,79934,4,783335,4,1449273,8,2206346,108,22063,12,3196,1,25760,1,2765,1,0,0,0,0,0,0,512110,1,19778,1,3797,1,0,0,0,0,0,0,0,0,16926,1,26,1,9559,1,4517,1,16952,1,9559,1,48,1,0,0,0,0,0,0
149,5917100,4519,9559,28.988642,,0,10,9,108,32190,1082,4479,5884910,16,166,50,1,25299,1,50,1,1970190,1,534223,1,113950,1,3230056,1,11091,1,304128,1,12745,4,532319,4,79874,4,792112,4,1476686,8,2240713,108,23606,12,3126,1,25219,1,2765,1,0,0,0,0,0,0,506780,1,19698,1,3597,1,0,0,0,0,0,0,0,0,16942,1,28,1,9559,1,4519,1,16970,1,9559,1,48,1,0,0,0,0,0,0
150,5908300,4522,9559,28.98874,,0,10,9,108,31726,1143,4420,5876574,16,166,40,1,25149,1,30,1,1968647,1,524695,1,114421,1,3232561,1,11031,1,303878,1,12494,4,533822,4,80155,4,781922,4,1488509,8,2246543,108,19468,12,3256,1,24638,1,2745,1,0,0,0,0,0,0,497071,1,19277,1,3928,1,0,0,0,0,0,0,0,0,16949,1,23,1,9559,1,4522,1,16972,1,9559,1,48,1,0,0,0,0,0,0
151,5840400,4520,9559,28.98882,,0,10,9,108,32318,1102,4218,5808082,16,166,30,1,25189,1,50,1,1968757,1,538030,1,112768,1,3152206,1,11051,1,304258,1,12394,4,533912,4,79915,4,746484,4,1443441,8,2166459,108,19247,12,2976,1,24968,1,2755,1,0,0,0,0,0,0,512190,1,18887,1,3797,1,0,0,0,0,0,0,0,0,16935,1,23,1,9559,1,4520,1,16958,1,9559,1,48,1,0,0,0,0,0,0
152,5831400,4523,9559,28.988888,,0,10,9,108,32897,1132,4279,5798503,16,166,30,1,25149,1,30,1,1971162,1,531638,1,113269,1,3146194,1,11031,1,300221,1,12735,4,533702,4,80055,4,748477,4,1441347,8,2161870,108,23676,12,3106,1,22724,1,2695,1,0,0,0,0,0,0,505958,1,18586,1,3938,1,0,0,0,0,0,0,0,0,16925,1,28,1,9559,1,4523,1,16953,1,9559,1,48,1,0,0,0,0,0,0
153,5822400,4523,9559,28.988964,,0,10,9,108,30530,1192,4269,5791870,16,166,40,1,25109,1,40,1,1965170,1,535486,1,114301,1,3140764,1,10961,1,303026,1,12544,4,532179,4,79995,4,744349,4,1436979,8,2153514,108,23546,12,3066,1,24658,1,2775,1,0,0,0,0,0,0,508063,1,19267,1,3908,1,0,0,0,0,0,0,0,0,16921,1,28,1,9559,1,4523,1,16949,1,9559,1,48,1,0,0,0,0,0,0
154,5827700,4524,9559,28.989048,,0,10,9,108,31802,1142,4709,5795898,16,166,30,1,25089,1,60,1,1965842,1,521689,1,113900,1,3158107,1,11182,1,304649,1,12654,4,532830,4,79844,4,755601,4,1440997,8,2168072,108,23816,12,2976,1,24648,1,2765,1,0,0,0,0,0,0,496460,1,18255,1,3777,1,0,0,0,0,0,0,0,0,16914,1,28,1,9559,1,4524,1,16942,1,9559,1,48,1,0,0,0,0,0,0
155,5857500,4521,9559,28.989117,,0,10,9,108,32065,1172,4389,5825435,16,166,30,1,25389,1,30,1,1974248,1,531848,1,112187,1,3170692,1,11011,1,302585,1,12624,4,534333,4,80325,4,771993,4,1437179,8,2181398,108,23385,12,3126,1,24568,1,2785,1,0,0,0,0,0,0,506660,1,17073,1,3948,1,0,0,0,0,0,0,0,0,16915,1,28,1,9559,1,4521,1,16943,1,9559,1,48,1,0,0,0,0,0,0
156,5878300,4520,9559,28.989172,,0,10,9,108,32285,1062,4349,5846015,16,166,40,1,25309,1,30,1,1968877,1,526488,1,113660,1,3200459,1,11152,1,302856,1,12604,4,534273,4,79844,4,778516,4,1460615,8,2211246,108,23536,12,3186,1,24748,1,2755,1,0,0,0,0,0,0,498254,1,20139,1,3867,1,0,0,0,0,0,0,0,0,16915,1,27,1,9559,1,4520,1,16942,1,9559,1,48,1,0,0,0,0,0,0
157,5903900,4519,9559,28.989218,,0,10,9,108,33047,1212,4590,5870853,16,166,10,1,25078,1,30,1,1965381,1,541477,1,113069,1,3214566,1,11242,1,302936,1,12574,4,533912,4,79925,4,773085,4,1480703,8,2226414,108,22784,12,3086,1,24357,1,2775,1,0,0,0,0,0,0,514976,1,19237,1,4198,1,0,0,0,0,0,0,0,0,16916,1,27,1,9559,1,4519,1,16943,1,9559,1,48,1,0,0,0,0,0,0
158,5859400,4519,9559,28.98927,,0,10,9,108,31580,1102,4589,5827820,16,166,40,1,25089,1,50,1,1969469,1,545455,1,112788,1,3163938,1,10991,1,300321,1,12795,4,533912,4,81177,4,767374,4,1436488,8,2175998,108,23275,12,3116,1,24908,1,2745,1,0,0,0,0,0,0,517741,1,19608,1,3847,1,0,0,0,0,0,0,0,0,16921,1,27,1,9559,1,4519,1,16948,1,9559,1,48,1,0,0,0,0,0,0
159,5861200,4518,9559,28.98933,,0,10,9,108,32368,1112,4710,5828832,16,166,20,1,25239,1,30,1,1973206,1,537800,1,112277,1,3169209,1,11051,1,305841,1,12594,4,533902,4,79684,4,755070,4,1449243,8,2180326,108,19277,12,3086,1,25900,1,2775,1,0,0,0,0,0,0,509966,1,19628,1,3938,1,0,0,0,0,0,0,0,0,16921,1,23,1,9559,1,4518,1,16944,1,9559,1,48,1,0,0,0,0,0,0
160,6014700,4519,9559,28.989386,,0,10,9,108,34175,1212,3787,5980525,16,166,40,1,25169,1,40,1,1971162,1,535686,1,115854,1,3320732,1,11843,1,299469,1,12224,4,533562,4,82209,4,804325,4,1554556,8,2334965,108,20129,12,3617,1,26712,1,2846,1,0,0,0,0,0,0,507562,1,20109,1,3797,1,0,0,0,0,0,0,0,0,16913,1,23,1,9559,1,4519,1,16936,1,9559,1,48,1,0,0,0,0,0,0
161,6006900,4521,9559,28.989433,,0,10,9,108,31875,1172,3998,5975025,16,166,50,1,25028,1,100,1,1966282,1,534153,1,114962,1,3323307,1,11142,1,311963,1,12514,4,534153,4,80496,4,800829,4,1549276,8,2326448,108,19658,12,3076,1,27042,1,2785,1,0,0,0,0,0,0,503894,1,22083,1,3827,1,0,0,0,0,0,0,0,0,16911,1,23,1,9559,1,4521,1,16934,1,9559,1,48,1,0,0,0,0,0,0
162,6122100,4518,9559,28.989477,,0,10,9,108,30500,1172,3768,6091600,16,166,50,1,25159,1,70,1,1965361,1,583569,1,113560,1,3392480,1,11352,1,306533,1,12414,4,534814,4,79764,4,827039,4,1595135,8,2397927,108,20480,12,6042,1,26732,1,2835,1,0,0,0,0,0,0,555234,1,20249,1,3847,1,0,0,0,0,0,0,0,0,16914,1,23,1,9559,1,4518,1,16937,1,9559,1,48,1,0,0,0,0,0,0
163,6091200,4520,9559,28.989515,,0,10,9,108,33265,1152,4149,6057935,16,166,50,1,25078,1,90,1,1970380,1,584821,1,112968,1,3353465,1,11081,1,299780,1,12334,4,537089,4,78973,4,831809,4,1559977,8,2368569,108,19067,12,3186,1,26411,1,2755,1,0,0,0,0,0,0,560494,1,17243,1,3847,1,0,0,0,0,0,0,0,0,16924,1,23,1,9559,1,4520,1,16947,1,9559,1,48,1,0,0,0,0,0,0
164,6133500,4520,9559,28.989552,,0,10,9,108,32812,1603,4359,6100688,16,166,160,1,30529,1,80,1,1982905,1,584590,1,116355,1,3372692,1,13376,1,308426,1,12775,4,536798,4,80566,4,804085,4,1595375,8,2374331,108,20770,12,4639,1,25620,1,2805,1,0,0,0,0,0,0,557268,1,19868,1,3998,1,0,0,0,0,0,0,0,0,16923,1,23,1,9559,1,4520,1,16946,1,9559,1,48,1,0,0,0,0,0,0
165,6338900,4519,9559,28.989582,,0,10,9,108,32300,1383,3657,6306600,16,166,30,1,30339,1,80,1,1961503,1,569000,1,115113,1,3619424,1,11111,1,303908,1,16392,4,579611,4,86587,4,929197,4,1652400,8,2555426,108,22514,12,4128,1,42783,1,3036,1,0,0,0,0,0,0,540595,1,20440,1,3727,1,0,0,0,0,0,0,0,0,16924,1,24,1,9559,1,4519,1,16948,1,9559,1,48,1,0,0,0,0,0,0
166,5954600,4516,9559,28.989613,,0,10,9,108,36716,1513,3948,5917884,16,166,150,1,31000,1,631,1,1968497,1,558510,1,116816,1,3229285,1,12995,1,340058,1,13767,4,531698,4,98541,4,770951,4,1432450,8,2179003,108,20450,12,3066,1,34386,1,2856,1,0,0,0,0,0,0,528382,1,21912,1,3667,1,0,0,0,0,0,0,0,0,16926,1,23,1,9559,1,4516,1,16949,1,9559,1,48,1,0,0,0,0,0,0
167,5848900,4518,9559,28.989645,,0,10,9,108,33654,1413,4640,5815246,16,166,170,1,29838,1,90,1,1961964,1,503484,1,114271,1,3194127,1,11302,1,324427,1,12514,4,533532,4,79544,4,764789,4,1443672,8,2183952,108,19868,12,3086,1,28375,1,2775,1,0,0,0,0,0,0,474798,1,20079,1,4088,1,0,0,0,0,0,0,0,0,16939,1,23,1,9559,1,4518,1,16962,1,9559,1,48,1,0,0,0,0,0,0
168,5989400,4518,9559,28.989676,,0,10,9,108,42770,1212,4298,5946630,16,161,150,1,30309,1,90,1,1965000,1,535085,1,140341,1,3264252,1,11402,1,378883,1,12574,4,565383,4,79373,4,762875,4,1430386,8,2169085,108,19878,12,3086,1,27623,1,2856,1,0,0,0,0,0,0,504816,1,21662,1,4749,1,0,0,0,0,0,0,0,0,16942,1,24,1,9559,1,4518,1,16966,1,9559,1,48,1,0,0,0,0,0,0
169,5833500,4514,9559,28.9897,,0,10,9,108,31400,1102,4310,5802100,16,166,80,1,25579,1,30,1,1945833,1,536487,1,113179,1,3169820,1,11091,1,307785,1,12554,4,533422,4,79985,4,769769,4,1432510,8,2177820,108,20149,12,3116,1,26802,1,2775,1,0,0,0,0,0,0,508383,1,19919,1,3988,1,0,0,0,0,0,0,0,0,16948,1,24,1,9559,1,4514,1,16972,1,9559,1,48,1,0,0,0,0,0,0
170,6022900,4515,9559,28.989725,,0,10,9,108,36549,4459,4359,5986351,16,166,160,1,30429,1,90,1,1967304,1,548175,1,141554,1,3287497,1,11142,1,370947,1,12855,4,565063,4,83652,4,774398,4,1444413,8,2193952,108,20500,12,3206,1,25700,1,2805,1,0,0,0,0,0,0,519359,1,20149,1,4809,1,0,0,0,0,0,0,0,0,16948,1,24,1,9559,1,4515,1,16972,1,9559,1,48,1,0,0,0,0,0,0
171,5875800,4512,9559,28.989754,,0,10,9,108,31498,1222,4149,5844302,16,166,80,1,29998,1,90,1,1957365,1,539503,1,114562,1,3191702,1,11001,1,302765,1,12544,4,532189,4,79704,4,779968,4,1452158,8,2207508,108,20470,12,3086,1,25309,1,2755,1,0,0,0,0,0,0,512541,1,19658,1,4088,1,0,0,0,0,0,0,0,0,16956,1,24,1,9559,1,4512,1,16980,1,9559,1,48,1,0,0,0,0,0,0
172,5900100,4513,9559,28.98977,,0,10,9,108,31722,1172,4399,5868378,16,166,30,1,25369,1,30,1,1972144,1,544353,1,113510,1,3201892,1,11051,1,304900,1,12143,4,533993,4,79784,4,768246,4,1469632,8,2212918,108,20560,12,3126,1,26040,1,2856,1,0,0,0,0,0,0,518212,1,19297,1,3647,1,0,0,0,0,0,0,0,0,16946,1,24,1,9559,1,4513,1,16970,1,9559,1,48,1,0,0,0,0,0,0
173,5823000,4515,9559,28.989801,,0,10,9,108,36780,1052,4068,5786220,16,166,30,1,25930,1,40,1,1972394,1,539002,1,113139,1,3124182,1,11502,1,302495,1,12604,4,535195,4,79624,4,732997,4,1429524,8,2138194,108,20259,12,3026,1,24848,1,2815,1,0,0,0,0,0,0,512852,1,18235,1,3547,1,0,0,0,0,0,0,0,0,16956,1,24,1,9559,1,4515,1,16980,1,9559,1,48,1,0,0,0,0,0,0
174,5812200,4515,9559,28.989834,,0,10,9,108,32263,1162,3828,5779937,16,166,30,1,25640,1,40,1,1972344,1,545755,1,113379,1,3111728,1,11021,1,306463,1,12604,4,534674,4,79674,4,736905,4,1408895,8,2121622,108,20349,12,3106,1,25459,1,2785,1,0,0,0,0,0,0,518402,1,19508,1,3717,1,0,0,0,0,0,0,0,0,16952,1,24,1,9559,1,4515,1,16976,1,9559,1,48,1,0,0,0,0,0,0
175,5801600,4515,9559,28.989851,,0,10,9,108,31301,1092,4068,5770299,16,166,30,1,25640,1,50,1,1971543,1,518803,1,112838,1,3130313,1,11081,1,302395,1,12354,4,533752,4,80195,4,745321,4,1424745,8,2143154,108,22844,12,3106,1,24527,1,2825,1,0,0,0,0,0,0,490919,1,19969,1,3667,1,0,0,0,0,0,0,0,0,16951,1,27,1,9559,1,4515,1,16978,1,9559,1,48,1,0,0,0,0,0,0
176,5806300,4514,9559,28.989864,,0,10,9,108,31553,1052,4378,5774747,16,166,40,1,25099,1,110,1,1974278,1,506770,1,111886,1,3145403,1,11162,1,298076,1,12414,4,533542,4,79724,4,762495,4,1427030,8,2162332,108,22814,12,3096,1,24738,1,3236,1,0,0,0,0,0,0,480950,1,17824,1,3797,1,0,0,0,0,0,0,0,0,16943,1,27,1,9559,1,4514,1,16970,1,9559,1,48,1,0,0,0,0,0,0
177,5868500,4516,9559,28.989883,,0,10,9,108,31222,1072,4289,5837278,16,166,40,1,25249,1,40,1,1967565,1,526779,1,112628,1,3193776,1,11202,1,302265,1,12214,4,533742,4,79744,4,773907,4,1460094,8,2207579,108,22133,12,3076,1,24848,1,2815,1,0,0,0,0,0,0,499877,1,20079,1,3727,1,0,0,0,0,0,0,0,0,16944,1,27,1,9559,1,4516,1,16971,1,9559,1,48,1,0,0,0,0,0,0
178,5900200,4515,9559,28.989906,,0,10,9,108,32533,1192,4429,5867667,16,166,30,1,25209,1,80,1,1967845,1,523082,1,119591,1,3220568,1,11262,1,303377,1,12604,4,533842,4,80025,4,781341,4,1477948,8,2232647,108,22213,12,3106,1,24117,1,3016,1,0,0,0,0,0,0,496670,1,19317,1,3958,1,0,0,0,0,0,0,0,0,16946,1,27,1,9559,1,4515,1,16973,1,9559,1,48,1,0,0,0,0,0,0
179,5825100,4515,9559,28.989923,,0,10,9,108,32568,1082,4198,5792532,16,166,10,1,25199,1,40,1,1968817,1,539924,1,118559,1,3128981,1,11001,1,298748,1,12795,4,532380,4,79313,4,743728,4,1430597,8,2148184,108,21942,12,3026,1,24517,1,2795,1,0,0,0,0,0,0,512311,1,19568,1,3908,1,0,0,0,0,0,0,0,0,16936,1,27,1,9559,1,4515,1,16963,1,9559,1,48,1,0,0,0,0,0,0
180,5837100,4515,9559,28.98993,,0,10,9,108,31954,1082,4520,5805146,16,166,20,1,25199,1,120,1,1970080,1,532901,1,119130,1,3146735,1,10961,1,303036,1,12885,4,534874,4,79634,4,746043,4,1438482,8,2157321,108,22684,12,3116,1,24758,1,2825,1,0,0,0,0,0,0,503955,1,20470,1,4078,1,0,0,0,0,0,0,0,0,16941,1,27,1,9559,1,4515,1,16968,1,9559,1,48,1,0,0,0,0,0,0
181,5830900,4517,9559,28.98993,,0,10,9,108,33559,1132,4419,5797341,16,166,20,1,24918,1,30,1,1967936,1,525516,1,118379,1,3149491,1,11051,1,302765,1,12835,4,536327,4,79754,4,746654,4,1439173,8,2155388,108,26020,12,3096,1,24898,1,2856,1,0,0,0,0,0,0,499195,1,19287,1,3888,1,0,0,0,0,0,0,0,0,16935,1,31,1,9559,1,4517,1,16966,1,9559,1,48,1,0,0,0,0,0,0
182,5850800,4517,9559,28.98994,,0,10,9,108,31827,1232,4359,5818973,16,166,110,1,25159,1,20,1,1972945,1,507632,1,114562,1,3187544,1,11001,1,303387,1,12985,4,534724,4,82029,4,772845,4,1448922,8,2190055,108,27353,12,2956,1,25620,1,2846,1,0,0,0,0,0,0,479928,1,19548,1,3677,1,0,0,0,0,0,0,0,0,16943,1,32,1,9559,1,4517,1,16975,1,9559,1,48,1,0,0,0,0,0,0
183,5863700,4516,9559,28.989958,,0,10,9,108,31361,1222,4759,5832339,16,166,20,1,25179,1,30,1,1967445,1,532420,1,113860,1,3182174,1,11212,1,303357,1,12424,4,537930,4,79965,4,777544,4,1438832,8,2184174,108,27443,12,3116,1,24598,1,3186,1,0,0,0,0,0,0,505437,1,18826,1,3958,1,0,0,0,0,0,0,0,0,16946,1,32,1,9559,1,4516,1,16978,1,9559,1,48,1,0,0,0,0,0,0
184,5875200,4516,9559,28.98997,,0,10,9,108,32581,1212,4620,5842619,16,166,90,1,25159,1,40,1,1968437,1,528863,1,120132,1,3188827,1,11071,1,302485,1,12835,4,535005,4,79353,4,775259,4,1451587,8,2191598,108,30629,12,3046,1,25139,1,2906,1,0,0,0,0,0,0,502712,1,19367,1,3637,1,0,0,0,0,0,0,0,0,16941,1,36,1,9559,1,4516,1,16977,1,9559,1,48,1,0,0,0,0,0,0
185,5887700,4514,9559,28.989977,,0,10,9,108,31605,1062,4629,5856095,16,166,110,1,25048,1,110,1,1970481,1,529624,1,114251,1,3205369,1,11101,1,307244,1,12554,4,534624,4,79674,4,772594,4,1467919,8,2209142,108,26742,12,3116,1,23606,1,2976,1,0,0,0,0,0,0,501289,1,20389,1,3687,1,0,0,0,0,0,0,0,0,16944,1,32,1,9559,1,4514,1,16976,1,9559,1,48,1,0,0,0,0,0,0
186,5921900,4515,9559,28.98999,,0,10,9,108,37531,1413,4449,5884369,16,166,130,1,30810,1,80,1,1960050,1,538471,1,146924,1,3195049,1,12855,1,340599,1,12915,4,555144,4,79474,4,738137,4,1436037,8,2143445,108,26281,12,3036,1,25519,1,2775,1,0,0,0,0,0,0,509415,1,20399,1,4829,1,0,0,0,0,0,0,0,0,16950,1,32,1,9559,1,4515,1,16982,1,9559,1,48,1,0,0,0,0,0,0
187,5804100,4516,9559,28.990005,,0,10,9,108,33952,1062,4549,5770148,16,166,30,1,30389,1,50,1,1961413,1,521949,1,112778,1,3132508,1,11031,1,298627,1,12314,4,535265,4,79784,4,744860,4,1430025,8,2147583,108,22754,12,3126,1,24698,1,2745,1,0,0,0,0,0,0,494657,1,19217,1,3747,1,0,0,0,0,0,0,0,0,16958,1,28,1,9559,1,4516,1,16986,1,9559,1,48,1,0,0,0,0,0,0
188,5839500,4519,9559,28.990013,,0,10,9,108,32550,1232,4098,5806950,16,166,40,1,25209,1,40,1,1971192,1,533311,1,114652,1,3151304,1,11202,1,303266,1,13366,4,535766,4,79854,4,745732,4,1441548,8,2159586,108,23596,12,2976,1,24808,1,2755,1,0,0,0,0,0,0,506710,1,19818,1,3697,1,0,0,0,0,0,0,0,0,16958,1,28,1,9559,1,4519,1,16986,1,9559,1,48,1,0,0,0,0,0,0
189,5816500,4519,9559,28.990015,,0,10,9,108,30651,1082,4329,5785849,16,166,50,1,25179,1,40,1,1971793,1,511189,1,114441,1,3152166,1,10991,1,303968,1,12775,4,534183,4,79544,4,762414,4,1427801,8,2159566,108,26321,12,2996,1,24638,1,2765,1,0,0,0,0,0,0,482944,1,20049,1,3867,1,0,0,0,0,0,0,0,0,16956,1,32,1,9559,1,4519,1,16988,1,9559,1,48,1,0,0,0,0,0,0
190,5838200,4519,9559,28.990025,,0,10,9,108,41781,1353,4289,5796419,16,166,180,1,30359,1,90,1,1969649,1,492913,1,116575,1,3175751,1,10901,1,304469,1,12925,4,536307,4,83011,4,762094,4,1444032,8,2177831,108,24006,12,3096,1,25630,1,2835,1,0,0,0,0,0,0,466432,1,19387,1,3817,1,0,0,0,0,0,0,0,0,16964,1,28,1,9559,1,4519,1,16992,1,9559,1,48,1,0,0,0,0,0,0
191,5845900,4520,9559,28.99004,,0,10,9,108,32939,1122,4871,5812961,16,166,30,1,30409,1,40,1,1956994,1,529133,1,113510,1,3171734,1,11111,1,303767,1,12464,4,534624,4,79624,4,770931,4,1438632,8,2178211,108,26481,12,3176,1,24638,1,2755,1,0,0,0,0,0,0,501350,1,19788,1,3657,1,0,0,0,0,0,0,0,0,16962,1,32,1,9559,1,4520,1,16994,1,9559,1,48,1,0,0,0,0,0,0
192,5903500,4522,9559,28.990047,,0,10,9,108,32006,1112,4450,5871494,16,166,50,1,25089,1,20,1,1973206,1,533101,1,113980,1,3214817,1,11232,1,302355,1,12494,4,537570,4,80065,4,797212,4,1453070,8,2219531,108,26301,12,3116,1,25078,1,2745,1,0,0,0,0,0,0,505858,1,20199,1,3857,1,0,0,0,0,0,0,0,0,16969,1,32,1,9559,1,4522,1,17001,1,9559,1,48,1,0,0,0,0,0,0
193,5853500,4521,9559,28.990053,,0,10,9,108,32213,1062,4640,5821287,16,166,100,1,25189,1,110,1,1972985,1,538401,1,114161,1,3159350,1,10991,1,302715,1,12184,4,536317,4,79804,4,750842,4,1446036,8,2165687,108,26551,12,3226,1,24387,1,2775,1,0,0,0,0,0,0,510537,1,19919,1,3837,1,0,0,0,0,0,0,0,0,16970,1,32,1,9559,1,4521,1,17002,1,9559,1,48,1,0,0,0,0,0,0
194,5804000,4522,9559,28.990055,,0,10,9,108,31978,1143,4499,5772022,16,166,110,1,25189,1,40,1,1970120,1,527410,1,113339,1,3124873,1,10941,1,306172,1,12314,4,534363,4,79273,4,740873,4,1420146,8,2127744,108,28776,12,3256,1,24628,1,2705,1,0,0,0,0,0,0,499406,1,20089,1,3607,1,0,0,0,0,0,0,0,0,16974,1,36,1,9559,1,4522,1,17010,1,9559,1,48,1,0,0,0,0,0,0
195,5835000,4521,9559,28.99006,,0,10,9,108,31828,1122,4419,5803172,16,166,70,1,25099,1,40,1,1980089,1,533902,1,112858,1,3140152,1,10961,1,302234,1,12634,4,536077,4,80035,4,743408,4,1434594,8,2144627,108,28956,12,2986,1,24317,1,2745,1,0,0,0,0,0,0,506750,1,18967,1,3888,1,0,0,0,0,0,0,0,0,16966,1,36,1,9559,1,4521,1,17002,1,9559,1,48,1,0,0,0,0,0,0
196,5783600,4522,9559,28.99006,,0,10,9,108,33280,1072,4368,5750320,16,166,20,1,25129,1,30,1,1965751,1,508804,1,114351,1,3125003,1,11232,1,305350,1,12274,4,535205,4,79624,4,746464,4,1414445,8,2127294,108,29247,12,3096,1,24758,1,2715,1,0,0,0,0,0,0,482313,1,19638,1,3647,1,0,0,0,0,0,0,0,0,16971,1,36,1,9559,1,4522,1,17007,1,9559,1,48,1,0,0,0,0,0,0
197,5939400,4523,9559,28.990076,,0,10,9,108,31405,1192,4139,5907995,16,166,10,1,25409,1,40,1,1967144,1,541587,1,114662,1,3248101,1,11041,1,303928,1,12214,4,535676,4,79925,4,810327,4,1474181,8,2248557,108,31812,12,3096,1,24678,1,2886,1,0,0,0,0,0,0,513884,1,19578,1,3787,1,0,0,0,0,0,0,0,0,16965,1,40,1,9559,1,4523,1,17005,1,9559,1,48,1,0,0,0,0,0,0
198,5860400,4523,9559,28.990084,,0,10,9,108,33602,1032,4469,5826798,16,166,40,1,25219,1,30,1,1969859,1,534163,1,114572,1,3171724,1,11192,1,304990,1,12454,4,535425,4,79864,4,768917,4,1438682,8,2171088,108,32042,12,3096,1,24357,1,2906,1,0,0,0,0,0,0,505938,1,20129,1,3747,1,0,0,0,0,0,0,0,0,16961,1,40,1,9559,1,4523,1,17001,1,9559,1,48,1,0,0,0,0,0,0
199,5854600,4524,9559,28.990086,,0,10,9,108,31950,1142,4390,5822650,16,166,40,1,25269,1,40,1,1971242,1,533121,1,114582,1,3167315,1,11041,1,304409,1,12564,4,535295,4,80245,4,765721,4,1437520,8,2169665,108,29186,12,3106,1,24578,1,2735,1,0,0,0,0,0,0,505948,1,20229,1,3807,1,0,0,0,0,0,0,0,0,16962,1,36,1,9559,1,4524,1,16998,1,9559,1,48,1,0,0,0,0,0,0
200,5797900,4522,9559,28.990088,,0,10,9,108,32701,1122,4429,5765199,16,166,30,1,25209,1,40,1,1969408,1,539513,1,113880,1,3105946,1,11172,1,304689,1,12664,4,533953,4,79654,4,728880,4,1414566,8,2109830,108,29186,12,3066,1,24618,1,2735,1,0,0,0,0,0,0,512060,1,20590,1,3637,1,0,0,0,0,0,0,0,0,16960,1,36,1,9559,1,4522,1,16996,1,9559,1,48,1,0,0,0,0,0,0
201,5815800,4522,9559,28.990097,,0,10,9,108,33157,1132,4539,5782643,16,166,60,1,24998,1,40,1,1972635,1,529103,1,114131,1,3130644,1,11031,1,304419,1,12464,4,536367,4,79554,4,742646,4,1423633,8,2132494,108,29247,12,3076,1,24588,1,2765,1,0,0,0,0,0,0,500728,1,20450,1,3677,1,0,0,0,0,0,0,0,0,16962,1,36,1,9559,1,4522,1,16998,1,9559,1,48,1,0,0,0,0,0,0
202,5801800,4521,9559,28.99011,,0,10,9,108,31271,1122,4329,5770529,16,166,40,1,25129,1,30,1,1965651,1,533562,1,113329,1,3121817,1,10971,1,303206,1,12174,4,535035,4,79704,4,737767,4,1422711,8,2130279,108,25870,12,2966,1,24407,1,2725,1,0,0,0,0,0,0,507321,1,19518,1,3587,1,0,0,0,0,0,0,0,0,16968,1,32,1,9559,1,4521,1,17000,1,9559,1,48,1,0,0,0,0,0,0
203,5805500,4525,9559,28.990112,,0,10,9,108,33037,1192,4219,5772463,16,166,20,1,25109,1,40,1,1989658,1,511329,1,114622,1,3120474,1,11212,1,304649,1,12644,4,535606,4,79504,4,748708,4,1405448,8,2124768,108,25169,12,3156,1,26241,1,3326,1,0,0,0,0,0,0,485168,1,17955,1,4769,1,0,0,0,0,0,0,0,0,16979,1,32,1,9559,1,4525,1,17011,1,9559,1,48,1,0,0,0,0,0,0
204,5822100,4526,9559,28.990108,,0,10,9,108,33336,1132,4048,5788764,16,166,30,1,25299,1,110,1,1955922,1,543651,1,115473,1,3137297,1,10981,1,308106,1,12444,4,535636,4,79895,4,758226,4,1409927,8,2135450,108,28655,12,3116,1,25970,1,2846,1,0,0,0,0,0,0,516609,1,20299,1,3587,1,0,0,0,0,0,0,0,0,16986,1,36,1,9559,1,4526,1,17022,1,9559,1,48,1,0,0,0,0,0,0
205,5879600,4524,9559,28.990114,,0,10,9,108,32743,1092,4178,5846857,16,166,60,1,25189,1,30,1,1968527,1,529714,1,114341,1,3197984,1,11011,1,306262,1,12434,4,537610,4,79794,4,788204,4,1442379,8,2197159,108,29247,12,3116,1,24237,1,2856,1,0,0,0,0,0,0,502131,1,19728,1,3537,1,0,0,0,0,0,0,0,0,16972,1,36,1,9559,1,4524,1,17008,1,9559,1,48,1,0,0,0,0,0,0
206,5808800,4523,9559,28.99012,,0,10,9,108,33181,1152,4630,5775619,16,166,30,1,25058,1,100,1,1972965,1,529354,1,113379,1,3123731,1,11001,1,299820,1,12705,4,535576,4,79534,4,742105,4,1422180,8,2130339,108,29317,12,3116,1,24828,1,2715,1,0,0,0,0,0,0,502341,1,19167,1,3547,1,0,0,0,0,0,0,0,0,16977,1,36,1,9559,1,4523,1,17013,1,9559,1,48,1,0,0,0,0,0,0
207,5790000,4523,9559,28.990118,,0,10,9,108,30622,1252,4310,5759378,16,166,40,1,25149,1,90,1,1972414,1,530466,1,114912,1,3105215,1,11091,1,305250,1,12554,4,536377,4,79905,4,729140,4,1410407,8,2105901,108,29337,12,3046,1,24537,1,2745,1,0,0,0,0,0,0,502171,1,19949,1,3958,1,0,0,0,0,0,0,0,0,16970,1,36,1,9559,1,4523,1,17006,1,9559,1,48,1,0,0,0,0,0,0
208,5794500,4523,9559,28.990112,,0,10,9,108,31756,1132,4589,5762744,16,166,30,1,25099,1,40,1,1971563,1,529464,1,115293,1,3110275,1,10981,1,303547,1,12364,4,535556,4,79744,4,732787,4,1415387,8,2113857,108,29727,12,2946,1,24067,1,2745,1,0,0,0,0,0,0,502331,1,19217,1,3647,1,0,0,0,0,0,0,0,0,16969,1,36,1,9559,1,4523,1,17005,1,9559,1,48,1,0,0,0,0,0,0
209,5934400,4522,9559,28.990116,,0,10,9,108,38453,1453,4269,5895947,16,166,210,1,30479,1,80,1,1970521,1,523136,1,143467,1,3217131,1,10921,1,375476,1,13336,4,580082,4,79193,4,735021,4,1403614,8,2104790,108,29577,12,3056,1,23195,1,2705,1,0,0,0,0,0,0,494000,1,20760,1,4419,1,0,0,0,0,0,0,0,0,16966,1,36,1,9559,1,4522,1,17002,1,9559,1,48,1,0,0,0,0,0,0
210,5802100,4522,9559,28.990122,,0,10,9,108,30890,1082,4710,5771210,16,166,50,1,29738,1,100,1,1957435,1,525125,1,114221,1,3133520,1,11021,1,303176,1,12504,4,534494,4,79674,4,756343,4,1415778,8,2138224,108,29186,12,3106,1,24658,1,2705,1,0,0,0,0,0,0,497843,1,19588,1,3377,1,0,0,0,0,0,0,0,0,16964,1,36,1,9559,1,4522,1,17000,1,9559,1,48,1,0,0,0,0,0,0
211,5853400,4523,9559,28.990128,,0,10,9,108,31842,1092,4479,5821558,16,166,40,1,25119,1,40,1,1969459,1,533051,1,115844,1,3166824,1,11182,1,304028,1,13536,4,535566,4,79594,4,756533,4,1443511,8,2166850,108,28716,12,3166,1,27042,1,2755,1,0,0,0,0,0,0,505628,1,19478,1,3697,1,0,0,0,0,0,0,0,0,16963,1,36,1,9559,1,4523,1,16999,1,9559,1,48,1,0,0,0,0,0,0
212,5809500,4523,9559,28.990124,,0,10,9,108,33150,992,4389,5776350,16,166,50,1,25379,1,110,1,1973236,1,546827,1,113630,1,3105806,1,11312,1,309649,1,12604,4,536117,4,79674,4,728880,4,1407021,8,2099329,108,32182,12,2956,1,25159,1,2755,1,0,0,0,0,0,0,518192,1,20550,1,3737,1,0,0,0,0,0,0,0,0,16961,1,40,1,9559,1,4523,1,17001,1,9559,1,48,1,0,0,0,0,0,0
213,5786800,4523,9559,28.99013,,0,10,9,108,31701,1102,4469,5755099,16,166,50,1,25289,1,60,1,1971883,1,540555,1,114061,1,3091909,1,11292,1,305090,1,12364,4,534183,4,79514,4,726435,4,1403153,8,2092547,108,32573,12,3076,1,24217,1,2775,1,0,0,0,0,0,0,512381,1,20430,1,3577,1,0,0,0,0,0,0,0,0,16963,1,40,1,9559,1,4523,1,17003,1,9559,1,48,1,0,0,0,0,0,0
214,5828000,4524,9559,28.990137,,0,10,9,108,34777,1383,7114,5793223,16,166,170,1,30218,1,80,1,1998916,1,526348,1,118690,1,3105866,1,12935,1,304058,1,12735,4,533281,4,80145,4,733569,4,1409035,8,2103177,108,32312,12,3076,1,25720,1,2866,1,0,0,0,0,0,0,501490,1,17865,1,3657,1,0,0,0,0,0,0,0,0,16965,1,40,1,9559,1,4524,1,17005,1,9559,1,48,1,0,0,0,0,0,0
215,5749400,4524,9559,28.990137,,0,10,9,108,31523,1152,4118,5717877,16,166,110,1,30329,1,40,1,1960060,1,492132,1,114000,1,3110185,1,11021,1,301713,1,12224,4,533943,4,79213,4,744840,4,1406760,8,2115411,108,32072,12,3126,1,24467,1,2745,1,0,0,0,0,0,0,466011,1,19197,1,3807,1,0,0,0,0,0,0,0,0,16967,1,40,1,9559,1,4524,1,17007,1,9559,1,48,1,0,0,0,0,0,0
216,5852900,4526,9559,28.990137,,0,10,9,108,31553,1212,4068,5821347,16,166,50,1,25269,1,30,1,1968998,1,527831,1,114341,1,3173798,1,11031,1,304439,1,12725,4,545094,4,81688,4,770881,4,1426949,8,2161710,108,32052,12,3146,1,24868,1,2795,1,0,0,0,0,0,0,498895,1,20700,1,3717,1,0,0,0,0,0,0,0,0,16971,1,40,1,9559,1,4526,1,17011,1,9559,1,48,1,0,0,0,0,0,0
217,5813600,4524,9559,28.990143,,0,10,9,108,32270,1152,4299,5781330,16,166,50,1,25259,1,80,1,1969398,1,530646,1,114481,1,3130263,1,11152,1,305260,1,12554,4,535816,4,80275,4,738879,4,1426038,8,2129257,108,31361,12,3006,1,24517,1,2765,1,0,0,0,0,0,0,504235,1,19568,1,3657,1,0,0,0,0,0,0,0,0,16971,1,40,1,9559,1,4524,1,17011,1,9559,1,48,1,0,0,0,0,0,0
218,5781100,4525,9559,28.990149,,0,10,9,108,32123,1112,4249,5748977,16,166,50,1,25179,1,40,1,1971803,1,536768,1,114612,1,3089414,1,11111,1,303717,1,12444,4,535886,4,80085,4,724411,4,1401651,8,2090382,108,31431,12,3216,1,24197,1,2695,1,0,0,0,0,0,0,509485,1,20440,1,3687,1,0,0,0,0,0,0,0,0,16980,1,40,1,9559,1,4525,1,17020,1,9559,1,48,1,0,0,0,0,0,0
219,5780800,4524,9559,28.990149,,0,10,9,108,33105,1122,4530,5747695,16,166,40,1,25279,1,60,1,1972555,1,538030,1,115183,1,3085557,1,10991,1,304519,1,12514,4,535265,4,79935,4,724571,4,1397322,8,2085723,108,31641,12,3046,1,24547,1,2715,1,0,0,0,0,0,0,510367,1,19738,1,3667,1,0,0,0,0,0,0,0,0,16981,1,40,1,9559,1,4524,1,17021,1,9559,1,48,1,0,0,0,0,0,0
220,5762500,4523,9559,28.990152,,0,10,9,108,32078,1062,4569,5730422,16,166,30,1,25038,1,60,1,1971082,1,485890,1,115373,1,3121827,1,11122,1,305110,1,12554,4,535786,4,79824,4,753768,4,1403414,8,2120801,108,31812,12,3086,1,24527,1,2695,1,0,0,0,0,0,0,458416,1,19628,1,3617,1,0,0,0,0,0,0,0,0,16980,1,40,1,9559,1,4523,1,17020,1,9559,1,48,1,0,0,0,0,0,0
221,5829700,4522,9559,28.99016,,0,10,9,108,32660,1222,4068,5797040,16,166,40,1,25229,1,40,1,1961934,1,530416,1,114832,1,3153448,1,11101,1,303487,1,12454,4,535496,4,80105,4,758587,4,1431458,8,2154095,108,31882,12,3096,1,24828,1,2715,1,0,0,0,0,0,0,503183,1,19458,1,4589,1,0,0,0,0,0,0,0,0,16978,1,40,1,9559,1,4522,1,17018,1,9559,1,48,1,0,0,0,0,0,0
222,5916400,4522,9559,28.990164,,0,10,9,108,33824,1052,4690,5882576,16,166,60,1,25239,1,40,1,1977424,1,586945,1,113209,1,3168577,1,11081,1,305561,1,12614,4,536738,4,79935,4,751503,4,1450174,8,2164455,108,32533,12,3116,1,24978,1,2906,1,0,0,0,0,0,0,561305,1,18175,1,3597,1,0,0,0,0,0,0,0,0,16976,1,40,1,9559,1,4522,1,17016,1,9559,1,48,1,0,0,0,0,0,0
223,5769700,4520,9559,28.990162,,0,10,9,108,33036,1182,4209,5736664,16,166,20,1,25329,1,30,1,1969479,1,525045,1,114041,1,3091829,1,10891,1,307495,1,12705,4,535295,4,79594,4,728469,4,1395950,8,2091444,108,28766,12,3046,1,25209,1,2886,1,0,0,0,0,0,0,496861,1,20169,1,3707,1,0,0,0,0,0,0,0,0,16977,1,36,1,9559,1,4520,1,17013,1,9559,1,48,1,0,0,0,0,0,0
224,5770600,4521,9559,28.99016,,0,10,9,108,32433,1092,4550,5738167,16,166,50,1,25309,1,110,1,1967896,1,537950,1,114271,1,3081539,1,11041,1,306092,1,12624,4,535586,4,79824,4,723309,4,1395158,8,2084961,108,28956,12,3086,1,21993,1,2775,1,0,0,0,0,0,0,510447,1,19688,1,3537,1,0,0,0,0,0,0,0,0,16971,1,36,1,9559,1,4521,1,17007,1,9559,1,48,1,0,0,0,0,0,0
225,5769500,4522,9559,28.990166,,0,11,9,108,31624,1222,4600,5737876,16,178,30,1,25239,1,30,1,1965341,1,507381,1,113870,1,3114763,1,11222,1,303828,1,12755,4,535455,4,79945,4,746103,4,1405338,8,2113997,108,32844,24,2976,1,24307,1,2835,1,0,0,0,0,0,0,481942,1,17464,1,3667,1,0,0,0,0,0,0,0,0,16973,1,40,1,9559,1,4522,1,17013,1,9559,1,48,1,0,0,0,0,0,0
226,5821000,4521,9559,28.990166,,0,11,9,108,32005,1143,4409,5788995,16,178,50,1,25099,1,40,1,1968918,1,540425,1,114061,1,3129492,1,10911,1,303337,1,12805,4,535546,4,80085,4,757876,4,1408484,8,2129968,108,31982,24,3146,1,24267,1,2805,1,0,0,0,0,0,0,513022,1,19357,1,3747,1,0,0,0,0,0,0,0,0,16968,1,40,1,9559,1,4521,1,17008,1,9559,1,48,1,0,0,0,0,0,0
227,5891300,4522,9559,28.990166,,0,11,9,108,32480,1193,4389,5858820,16,178,60,1,25099,1,100,1,1965571,1,526137,1,113379,1,3217522,1,10951,1,303717,1,12815,4,542800,4,79684,4,779578,4,1466466,8,2209152,108,32503,24,3657,1,24838,1,2775,1,0,0,0,0,0,0,500839,1,18526,1,3607,1,0,0,0,0,0,0,0,0,16980,1,40,1,9559,1,4522,1,17020,1,9559,1,48,1,0,0,0,0,0,0
228,5779300,4521,9559,28.990168,,0,11,9,108,32517,1163,4560,5746783,16,178,30,1,25028,1,50,1,1966613,1,546848,1,113439,1,3083763,1,11011,1,305190,1,12534,4,534263,4,79213,4,728880,4,1392132,8,2084230,108,32222,24,3066,1,24557,1,2765,1,0,0,0,0,0,0,520146,1,18957,1,3547,1,0,0,0,0,0,0,0,0,16979,1,40,1,9559,1,4521,1,17019,1,9559,1,48,1,0,0,0,0,0,0
229,5821000,4519,9559,28.990175,,0,11,9,108,33157,1082,4599,5787843,16,178,40,1,24978,1,30,1,1970440,1,539493,1,114712,1,3127037,1,11111,1,304769,1,12073,4,535856,4,79574,4,737957,4,1425146,8,2125901,108,32603,24,3116,1,24708,1,2755,1,0,0,0,0,0,0,512160,1,19648,1,3377,1,0,0,0,0,0,0,0,0,16977,1,40,1,9559,1,4519,1,17017,1,9559,1,48,1,0,0,0,0,0,0
230,5791800,4521,9559,28.990171,,0,11,9,108,32412,1102,4699,5759388,16,178,50,1,25309,1,120,1,1971503,1,533171,1,116335,1,3101748,1,11152,1,301834,1,12164,4,535896,4,79273,4,736164,4,1405227,8,2101183,108,35509,24,3046,1,24327,1,2715,1,0,0,0,0,0,0,504546,1,20430,1,3837,1,0,0,0,0,0,0,0,0,16974,1,44,1,9559,1,4521,1,17018,1,9559,1,48,1,0,0,0,0,0,0
231,5748800,4522,9559,28.990166,,0,11,9,108,31674,1062,4298,5717126,16,178,20,1,25199,1,40,1,1971803,1,484527,1,114371,1,3110074,1,11091,1,304529,1,12394,4,534995,4,80005,4,753207,4,1393685,8,2106995,108,35599,24,3096,1,24397,1,2705,1,0,0,0,0,0,0,456553,1,20169,1,3517,1,0,0,0,0,0,0,0,0,16973,1,44,1,9559,1,4522,1,17017,1,9559,1,48,1,0,0,0,0,0,0
232,5843400,4523,9559,28.990173,,0,11,9,108,32493,1072,4469,5810907,16,178,50,1,25018,1,30,1,1967004,1,539483,1,114842,1,3153338,1,11142,1,303707,1,12454,4,535946,4,79674,4,757284,4,1432620,8,2153093,108,32343,24,3086,1,24758,1,2735,1,0,0,0,0,0,0,512431,1,20259,1,3637,1,0,0,0,0,0,0,0,0,16986,1,40,1,9559,1,4523,1,17026,1,9559,1,48,1,0,0,0,0,0,0
233,5889900,4527,9559,28.990175,,0,11,9,108,33314,1012,4729,5856586,16,178,20,1,25159,1,40,1,1998605,1,545555,1,114351,1,3161684,1,11172,1,302735,1,12504,4,536167,4,79634,4,756613,4,1442389,8,2158915,108,35358,24,3086,1,24838,1,2705,1,0,0,0,0,0,0,520216,1,17283,1,4829,1,0,0,0,0,0,0,0,0,16992,1,44,1,9559,1,4527,1,17036,1,9559,1,48,1,0,0,0,0,0,0
234,5802000,4523,9559,28.990168,,0,11,9,108,32884,1473,7615,5769116,16,178,140,1,29998,1,80,1,1964659,1,530376,1,117187,1,3115695,1,10981,1,303888,1,12544,4,534684,4,79283,4,739550,4,1412852,8,2109068,108,35719,24,3076,1,25579,1,2765,1,0,0,0,0,0,0,503283,1,20069,1,3687,1,0,0,0,0,0,0,0,0,16988,1,44,1,9559,1,4523,1,17032,1,9559,1,48,1,0,0,0,0,0,0
235,5840100,4525,9559,28.99017,,0,11,9,108,32319,1132,4559,5807781,16,178,40,1,30008,1,30,1,1959409,1,533902,1,114321,1,3159049,1,11021,1,301894,1,12484,4,535095,4,79834,4,735011,4,1462077,8,2157091,108,35439,24,2986,1,25620,1,2916,1,0,0,0,0,0,0,507481,1,19828,1,3497,1,0,0,0,0,0,0,0,0,16992,1,44,1,9559,1,4525,1,17036,1,9559,1,48,1,0,0,0,0,0,0
236,5798300,4525,9559,28.990175,,0,11,9,108,33722,1072,4309,5764578,16,178,40,1,25099,1,40,1,1970951,1,542359,1,114732,1,3100356,1,11001,1,307475,1,12765,4,535395,4,79754,4,727276,4,1408384,8,2095662,108,35689,24,3006,1,22514,1,2715,1,0,0,0,0,0,0,514034,1,20500,1,3537,1,0,0,0,0,0,0,0,0,16990,1,44,1,9559,1,4525,1,17034,1,9559,1,48,1,0,0,0,0,0,0
237,5816700,4526,9559,28.990175,,0,11,9,108,31392,1092,4940,5785308,16,178,60,1,25169,1,40,1,1965952,1,522551,1,114652,1,3145633,1,11252,1,303988,1,12685,4,535486,4,79534,4,767534,4,1414355,8,2137484,108,39466,24,3026,1,25139,1,2795,1,0,0,0,0,0,0,497021,1,18806,1,3627,1,0,0,0,0,0,0,0,0,16991,1,48,1,9559,1,4526,1,17039,1,9559,1,48,1,0,0,0,0,0,0
238,5849800,4525,9559,28.990175,,0,11,9,108,31569,1062,4489,5818231,16,178,30,1,25129,1,30,1,1968948,1,519695,1,114231,1,3179158,1,11011,1,305761,1,13005,4,535816,4,79985,4,762995,4,1450315,8,2170968,108,37853,24,3126,1,24377,1,2715,1,0,0,0,0,0,0,491551,1,20139,1,3687,1,0,0,0,0,0,0,0,0,16997,1,44,1,9559,1,4525,1,17041,1,9559,1,48,1,0,0,0,0,0,0
239,5876200,4524,9559,28.990175,,0,11,9,108,33642,1153,4348,5842558,16,178,70,1,25078,1,40,1,1973587,1,538111,1,114562,1,3180120,1,10991,1,306312,1,12664,4,535666,4,82259,4,773556,4,1437991,8,2170307,108,36891,24,3116,1,24678,1,2725,1,0,0,0,0,0,0,511700,1,18476,1,3617,1,0,0,0,0,0,0,0,0,16995,1,44,1,9559,1,4524,1,17039,1,9559,1,48,1,0,0,0,0,0,0
240,5789900,4524,9559,28.990175,,0,11,9,108,34189,1433,4339,5755711,16,178,190,1,30419,1,70,1,1967465,1,534433,1,116175,1,3096027,1,10931,1,308246,1,12965,4,534975,4,79373,4,731194,4,1396450,8,2086965,108,36340,24,3246,1,25369,1,2775,1,0,0,0,0,0,0,506229,1,19778,1,3857,1,0,0,0,0,0,0,0,0,17006,1,44,1,9559,1,4524,1,17050,1,9559,1,48,1,0,0,0,0,0,0
241,5769400,4521,9559,28.990175,,0,11,9,108,32736,1112,4529,5736664,16,178,40,1,30359,1,70,1,1969929,1,524655,1,112658,1,3087952,1,11001,1,299479,1,12374,4,535205,4,79624,4,728178,4,1399466,8,2087687,108,35429,24,3096,1,26431,1,2986,1,0,0,0,0,0,0,500077,1,17534,1,3777,1,0,0,0,0,0,0,0,0,16992,1,44,1,9559,1,4521,1,17036,1,9559,1,48,1,0,0,0,0,0,0
242,5779900,4520,9559,28.990175,,0,11,9,108,31143,1042,4359,5748757,16,178,50,1,25169,1,150,1,1974118,1,507241,1,113840,1,3116978,1,11212,1,305310,1,12735,4,536197,4,79494,4,738408,4,1413393,8,2111372,108,36070,24,2986,1,24457,1,2956,1,0,0,0,0,0,0,479768,1,19588,1,3627,1,0,0,0,0,0,0,0,0,17003,1,44,1,9559,1,4520,1,17047,1,9559,1,48,1,0,0,0,0,0,0
243,5900400,4520,9559,28.990175,,0,11,9,108,33365,1232,4560,5867035,16,178,30,1,25429,1,40,1,1968407,1,530576,1,114511,1,3216971,1,11071,1,306603,1,12384,4,535956,4,79774,4,764238,4,1479982,8,2202929,108,36731,24,6072,1,27754,1,2976,1,0,0,0,0,0,0,502351,1,20219,1,3717,1,0,0,0,0,0,0,0,0,17000,1,44,1,9559,1,4520,1,17044,1,9559,1,48,1,0,0,0,0,0,0
244,5837400,4521,9559,28.990171,,0,11,9,108,34308,1193,4570,5803092,16,178,30,1,30529,1,70,1,1957576,1,534293,1,113109,1,3156474,1,11011,1,303317,1,12424,4,535726,4,79684,4,764649,4,1429033,8,2153484,108,35629,24,3206,1,24507,1,2735,1,0,0,0,0,0,0,508183,1,19157,1,3547,1,0,0,0,0,0,0,0,0,17000,1,44,1,9559,1,4521,1,17044,1,9559,1,48,1,0,0,0,0,0,0
245,5829000,4520,9559,28.990164,,0,11,9,108,32210,1132,4038,5796790,16,178,40,1,25129,1,50,1,1970951,1,522751,1,112508,1,3154250,1,11111,1,305701,1,12324,4,535355,4,79784,4,753327,4,1436197,8,2150038,108,35449,24,3006,1,24658,1,2765,1,0,0,0,0,0,0,496841,1,19047,1,3707,1,0,0,0,0,0,0,0,0,16998,1,44,1,9559,1,4520,1,17042,1,9559,1,48,1,0,0,0,0,0,0
246,5866900,4521,9559,28.990164,,0,11,9,108,31465,1082,4370,5835435,16,178,50,1,25309,1,40,1,1969208,1,538912,1,113149,1,3177725,1,11041,1,306362,1,13145,4,536538,4,79794,4,740903,4,1469682,8,2170416,108,35799,24,3056,1,24417,1,2745,1,0,0,0,0,0,0,510237,1,19858,1,4539,1,0,0,0,0,0,0,0,0,16997,1,44,1,9559,1,4521,1,17041,1,9559,1,48,1,0,0,0,0,0,0
247,5810000,4521,9559,28.990164,,0,11,9,108,33229,1262,4409,5776771,16,178,40,1,25099,1,50,1,1975069,1,536578,1,112928,1,3115876,1,11132,1,309569,1,12705,4,536307,4,79694,4,733468,4,1412061,8,2105862,108,35258,24,2996,1,25058,1,2755,1,0,0,0,0,0,0,508994,1,19668,1,3667,1,0,0,0,0,0,0,0,0,16999,1,44,1,9559,1,4521,1,17043,1,9559,1,48,1,0,0,0,0,0,0
248,5771600,4520,9559,28.990164,,0,11,9,108,31910,1062,4228,5739690,16,178,20,1,25239,1,30,1,1971002,1,508103,1,112999,1,3111297,1,11001,1,303236,1,12564,4,535225,4,79664,4,741985,4,1407131,8,2109639,108,35248,24,3086,1,24568,1,2775,1,0,0,0,0,0,0,481451,1,19959,1,3477,1,0,0,0,0,0,0,0,0,17001,1,44,1,9559,1,4520,1,17045,1,9559,1,48,1,0,0,0,0,0,0
249,5804900,4522,9559,28.990164,,0,11,9,108,30794,1132,4609,5774106,16,178,10,1,25179,1,90,1,1967355,1,520356,1,115022,1,3134912,1,11182,1,304288,1,12715,4,535435,4,80536,4,756012,4,1413934,8,2130249,108,35088,24,3096,1,25058,1,2705,1,0,0,0,0,0,0,492853,1,19758,1,3487,1,0,0,0,0,0,0,0,0,17000,1,44,1,9559,1,4522,1,17044,1,9559,1,48,1,0,0,0,0,0,0
250,5853100,4521,9559,28.990164,,0,11,9,108,32474,1082,4188,5820626,16,178,20,1,25229,1,80,1,1968176,1,538111,1,114061,1,3163748,1,11202,1,307805,1,12765,4,535536,4,80065,4,762915,4,1432681,8,2156079,108,35328,24,3096,1,25028,1,2775,1,0,0,0,0,0,0,510978,1,19317,1,3557,1,0,0,0,0,0,0,0,0,16995,1,44,1,9559,1,4521,1,17039,1,9559,1,48,1,0,0,0,0,0,0
251,5833500,4522,9559,28.990164,,0,11,9,108,32963,1132,4520,5800537,16,178,30,1,25289,1,60,1,1968016,1,541217,1,113449,1,3141345,1,11132,1,305791,1,12354,4,536367,4,80456,4,749549,4,1425176,8,2140619,108,29587,24,3036,1,24678,1,2805,1,0,0,0,0,0,0,514305,1,19107,1,3567,1,0,0,0,0,0,0,0,0,17008,1,36,1,9559,1,4522,1,17044,1,9559,1,48,1,0,0,0,0,0,0
252,5933900,4523,9559,28.990164,,0,11,9,108,32347,1132,4249,5901553,16,178,50,1,25239,1,80,1,1974037,1,608777,1,113640,1,3168668,1,11061,1,305280,1,12865,4,537840,4,79734,4,738448,4,1460564,8,2165848,108,28916,24,3146,1,26922,1,2735,1,0,0,0,0,0,0,582136,1,18836,1,3427,1,0,0,0,0,0,0,0,0,17010,1,36,1,9559,1,4523,1,17046,1,9559,1,48,1,0,0,0,0,0,0
253,5786800,4523,9559,28.99017,,0,11,9,108,31911,1092,4158,5754889,16,178,30,1,25129,1,40,1,1973086,1,540676,1,113930,1,3090887,1,11111,1,308106,1,12624,4,536277,4,79794,4,726224,4,1395228,8,2088428,108,28866,24,3116,1,25620,1,2805,1,0,0,0,0,0,0,512190,1,20780,1,3467,1,0,0,0,0,0,0,0,0,17014,1,36,1,9559,1,4523,1,17050,1,9559,1,48,1,0,0,0,0,0,0
254,5865200,4523,9559,28.99017,,0,11,9,108,31168,1202,4559,5834032,16,178,40,1,25219,1,80,1,1970330,1,533402,1,113209,1,3180470,1,11282,1,304689,1,13055,4,549733,4,80155,4,729581,4,1463750,8,2158674,108,30098,24,4148,1,30910,1,3246,1,0,0,0,0,0,0,505518,1,20099,1,3557,1,0,0,0,0,0,0,0,0,17017,1,36,1,9559,1,4523,1,17053,1,9559,1,48,1,0,0,0,0,0,0
255,5782600,4521,9559,28.99017,,0,11,9,108,33102,1182,4108,5749498,16,178,130,1,30529,1,70,1,1968096,1,516028,1,114101,1,3109493,1,11051,1,323345,1,12725,4,535896,4,79925,4,735673,4,1386431,8,2089290,108,28706,24,3036,1,28505,1,2775,1,0,0,0,0,0,0,487583,1,20379,1,3707,1,0,0,0,0,0,0,0,0,17012,1,36,1,9559,1,4521,1,17048,1,9559,1,48,1,0,0,0,0,0,0
256,5804700,4519,9559,28.99017,,0,11,9,108,32187,1132,4629,5772513,16,178,150,1,25179,1,50,1,1962315,1,527530,1,114201,1,3131917,1,11172,1,308477,1,12374,4,535556,4,79955,4,752175,4,1411690,8,2129528,108,29707,24,3146,1,24698,1,2715,1,0,0,0,0,0,0,500829,1,20039,1,3587,1,0,0,0,0,0,0,0,0,17011,1,36,1,9559,1,4519,1,17047,1,9559,1,48,1,0,0,0,0,0,0
257,5840800,4519,9559,28.990171,,0,11,9,108,32227,1182,4329,5808573,16,178,60,1,25810,1,110,1,1968657,1,529073,1,113560,1,3160181,1,11122,1,304850,1,12895,4,536037,4,84754,4,760300,4,1429154,8,2154786,108,30339,24,3086,1,25179,1,2745,1,0,0,0,0,0,0,501440,1,19939,1,3417,1,0,0,0,0,0,0,0,0,17016,1,36,1,9559,1,4519,1,17052,1,9559,1,48,1,0,0,0,0,0,0
258,5778100,4520,9559,28.990177,,0,11,9,108,32770,1252,4529,5745330,16,178,30,1,25008,1,30,1,1969819,1,544723,1,113319,1,3081389,1,11011,1,303727,1,12624,4,535776,4,79604,4,722808,4,1395469,8,2081645,108,32102,24,3106,1,24297,1,2725,1,0,0,0,0,0,0,517360,1,19538,1,3497,1,0,0,0,0,0,0,0,0,17012,1,40,1,9559,1,4520,1,17052,1,9559,1,48,1,0,0,0,0,0,0
259,5765800,4520,9559,28.990177,,0,11,9,108,33475,1092,4409,5732325,16,178,30,1,25359,1,30,1,1958948,1,540074,1,114071,1,3082792,1,11021,1,305180,1,12735,4,536257,4,79544,4,717698,4,1399927,8,2081966,108,31250,24,3026,1,24537,1,2795,1,0,0,0,0,0,0,511048,1,19868,1,4769,1,0,0,0,0,0,0,0,0,17008,1,40,1,9559,1,4520,1,17048,1,9559,1,48,1,0,0,0,0,0,0
260,5753200,4520,9559,28.990177,,0,11,9,108,32317,1062,4309,5720883,16,178,20,1,25449,1,30,1,1977033,1,503353,1,111846,1,3092130,1,11021,1,303337,1,12594,4,536007,4,79634,4,738268,4,1390058,8,2091925,108,32092,24,3206,1,24998,1,2966,1,0,0,0,0,0,0,477523,1,17855,1,3607,1,0,0,0,0,0,0,0,0,17005,1,40,1,9559,1,4520,1,17045,1,9559,1,48,1,0,0,0,0,0,0
261,5809600,4519,9559,28.99018,,0,11,9,108,33530,1212,4539,5776070,16,178,40,1,25489,1,30,1,1968447,1,541958,1,113079,1,3115815,1,11212,1,307004,1,12554,4,535756,4,79834,4,750682,4,1396651,8,2110110,108,32683,24,3176,1,26110,1,2835,1,0,0,0,0,0,0,515236,1,19067,1,3447,1,0,0,0,0,0,0,0,0,17010,1,40,1,9559,1,4519,1,17050,1,9559,1,48,1,0,0,0,0,0,0
262,5899900,4518,9559,28.990187,,0,11,9,108,34878,1403,8006,5865022,16,178,170,1,30509,1,90,1,1991040,1,532810,1,118659,1,3178837,1,12905,1,306092,1,12695,4,540475,4,79854,4,753617,4,1453441,8,2165708,108,33344,24,3166,1,25179,1,2916,1,0,0,0,0,0,0,505618,1,19207,1,3437,1,0,0,0,0,0,0,0,0,17003,1,40,1,9559,1,4518,1,17043,1,9559,1,48,1,0,0,0,0,0,0
263,5777400,4518,9559,28.990187,,0,11,9,108,31889,1232,4269,5745511,16,178,20,1,30489,1,40,1,1958818,1,543892,1,112197,1,3089054,1,11001,1,300271,1,12554,4,535706,4,79554,4,723489,4,1405678,8,2092977,108,31921,24,3146,1,24668,1,2755,1,0,0,0,0,0,0,517571,1,19758,1,3457,1,0,0,0,0,0,0,0,0,17005,1,40,1,9559,1,4518,1,17045,1,9559,1,48,1,0,0,0,0,0,0
264,5765000,4518,9559,28.990187,,0,11,9,108,31983,1182,4359,5733017,16,178,40,1,25279,1,90,1,1973056,1,536477,1,114000,1,3073103,1,10971,1,303818,1,12424,4,536257,4,80195,4,724251,4,1384357,8,2072427,108,31822,24,3006,1,24858,1,2755,1,0,0,0,0,0,0,509415,1,19367,1,3316,1,0,0,0,0,0,0,0,0,17010,1,40,1,9559,1,4518,1,17050,1,9559,1,48,1,0,0,0,0,0,0
265,5764400,4518,9559,28.990187,,0,11,9,108,31383,1152,4459,5733017,16,178,40,1,25339,1,70,1,1973126,1,500478,1,114161,1,3108752,1,11051,1,302325,1,12685,4,535846,4,79864,4,736184,4,1410207,8,2109499,108,32433,24,3096,1,24618,1,2775,1,0,0,0,0,0,0,473135,1,19558,1,3537,1,0,0,0,0,0,0,0,0,17011,1,40,1,9559,1,4518,1,17051,1,9559,1,48,1,0,0,0,0,0,0
266,5798600,4518,9559,28.990187,,0,11,9,108,34513,1543,7004,5764087,16,178,90,1,30489,1,90,1,1964800,1,530576,1,115834,1,3109283,1,12925,1,302525,1,12675,4,534714,4,79654,4,751283,4,1395709,8,2106994,108,32994,24,3176,1,25219,1,2785,1,0,0,0,0,0,0,502452,1,20099,1,3487,1,0,0,0,0,0,0,0,0,17004,1,40,1,9559,1,4518,1,17044,1,9559,1,48,1,0,0,0,0,0,0
267,5833100,4518,9559,28.990187,,0,11,9,108,32733,1082,4439,5800367,16,178,30,1,30309,1,20,1,1958026,1,536888,1,112488,1,3151424,1,11182,1,302595,1,12654,4,535826,4,79914,4,760641,4,1428372,8,2152081,108,32493,24,3146,1,24437,1,2755,1,0,0,0,0,0,0,511158,1,19237,1,3367,1,0,0,0,0,0,0,0,0,17009,1,40,1,9559,1,4518,1,17049,1,9559,1,48,1,0,0,0,0,0,0
268,5771600,4518,9559,28.990187,,0,11,9,108,32351,1162,4179,5739249,16,178,60,1,25379,1,30,1,1970511,1,527550,1,116816,1,3087631,1,11272,1,300211,1,12705,4,536798,4,80145,4,725403,4,1399767,8,2088107,108,32884,24,3156,1,25239,1,3046,1,0,0,0,0,0,0,500969,1,19929,1,3417,1,0,0,0,0,0,0,0,0,17011,1,40,1,9559,1,4518,1,17051,1,9559,1,48,1,0,0,0,0,0,0
269,5793500,4518,9559,28.990187,,0,11,9,108,35705,2976,4378,5757795,16,178,160,1,30880,1,90,1,1976602,1,529364,1,117688,1,3091789,1,11222,1,306863,1,12815,4,536187,4,79864,4,726725,4,1394216,8,2083359,108,33204,24,3106,1,26271,1,2765,1,0,0,0,0,0,0,501740,1,19588,1,3547,1,0,0,0,0,0,0,0,0,17009,1,40,1,9559,1,4518,1,17049,1,9559,1,48,1,0,0,0,0,0,0
270,5764000,4518,9559,28.990187,,0,11,9,108,31033,1182,4579,5732967,16,178,40,1,30529,1,60,1,1971352,1,503734,1,112628,1,3103632,1,10991,1,303246,1,12785,4,535115,4,80085,4,739009,4,1401641,8,2103277,108,32793,24,3076,1,24738,1,2755,1,0,0,0,0,0,0,477594,1,19548,1,3457,1,0,0,0,0,0,0,0,0,17008,1,40,1,9559,1,4518,1,17048,1,9559,1,48,1,0,0,0,0,0,0
271,5817800,4518,9559,28.990187,,0,11,9,108,32112,1052,4519,5785688,16,178,60,1,25239,1,30,1,1972685,1,536558,1,112297,1,3127819,1,11001,1,302856,1,12464,4,535796,4,79934,4,757104,4,1408474,8,2128566,108,32493,24,3136,1,24267,1,2735,1,0,0,0,0,0,0,510868,1,18135,1,3276,1,0,0,0,0,0,0,0,0,17007,1,40,1,9559,1,4518,1,17047,1,9559,1,48,1,0,0,0,0,0,0
272,5825200,4518,9559,28.990187,,0,11,9,108,33330,1132,4319,5791870,16,178,50,1,25419,1,50,1,1971312,1,526889,1,113409,1,3143769,1,10971,1,303236,1,12564,4,535936,4,79884,4,755000,4,1425497,8,2143886,108,32292,24,3256,1,24517,1,2745,1,0,0,0,0,0,0,500388,1,18716,1,3447,1,0,0,0,0,0,0,0,0,17004,1,40,1,9559,1,4518,1,17044,1,9559,1,48,1,0,0,0,0,0,0
273,5761700,4518,9559,28.990187,,0,11,9,108,31850,1082,4239,5729850,16,178,30,1,25119,1,30,1,1965391,1,523993,1,111596,1,3092691,1,11001,1,303156,1,12514,4,535205,4,79654,4,739690,4,1390198,8,2093307,108,32343,24,3136,1,25259,1,2795,1,0,0,0,0,0,0,496059,1,20329,1,3417,1,0,0,0,0,0,0,0,0,17011,1,40,1,9559,1,4518,1,17051,1,9559,1,48,1,0,0,0,0,0,0
274,5771100,4518,9559,28.990187,,0,11,9,108,35629,1493,7184,5735471,16,178,140,1,30218,1,90,1,1971432,1,529133,1,116355,1,3077151,1,10951,1,304489,1,12544,4,533662,4,79734,4,720093,4,1393665,8,2074091,108,32483,24,3136,1,25579,1,2755,1,0,0,0,0,0,0,503604,1,18776,1,3467,1,0,0,0,0,0,0,0,0,17013,1,40,1,9559,1,4518,1,17053,1,9559,1,48,1,0,0,0,0,0,0
275,5722600,4518,9559,28.990187,,0,11,9,108,32426,1142,4209,5690174,16,178,30,1,30118,1,40,1,1961223,1,490599,1,114361,1,3082782,1,11021,1,305681,1,12604,4,537089,4,80265,4,729040,4,1387052,8,2079621,108,32262,24,3126,1,24026,1,2755,1,0,0,0,0,0,0,464298,1,19558,1,3627,1,0,0,0,0,0,0,0,0,17017,1,40,1,9559,1,4518,1,17057,1,9559,1,48,1,0,0,0,0,0,0
276,5812100,4519,9559,28.990183,,0,11,9,108,32944,1222,4139,5779156,16,178,40,1,25159,1,30,1,1972775,1,532309,1,111856,1,3125975,1,11011,1,303427,1,12494,4,535496,4,80205,4,753858,4,1408704,8,2126010,108,32413,24,3126,1,24718,1,2725,1,0,0,0,0,0,0,505918,1,18486,1,3607,1,0,0,0,0,0,0,0,0,17013,1,40,1,9559,1,4519,1,17053,1,9559,1,48,1,0,0,0,0,0,0
277,5893800,4518,9559,28.990183,,0,11,9,108,34970,1493,4269,5858830,16,178,180,1,30369,1,80,1,1971583,1,575092,1,116435,1,3152206,1,12885,1,308226,1,12695,4,534373,4,79454,4,746403,4,1438452,8,2147662,108,32924,24,3206,1,25179,1,2725,1,0,0,0,0,0,0,550024,1,16963,1,3677,1,0,0,0,0,0,0,0,0,17010,1,40,1,9559,1,4518,1,17050,1,9559,1,48,1,0,0,0,0,0,0
278,5744800,4518,9559,28.990183,,0,11,9,108,32744,1122,4309,5712056,16,178,30,1,30248,1,40,1,1958077,1,518683,1,113019,1,3081028,1,10931,1,304128,1,12785,4,536598,4,79734,4,724160,4,1392523,8,2080242,108,32132,24,3136,1,24117,1,2725,1,0,0,0,0,0,0,493554,1,17364,1,3637,1,0,0,0,0,0,0,0,0,17008,1,40,1,9559,1,4518,1,17048,1,9559,1,48,1,0,0,0,0,0,0
279,5799000,4519,9559,28.990183,,0,11,9,108,38019,1373,4199,5760981,16,178,80,1,30188,1,90,1,1985339,1,533071,1,113740,1,3087541,1,10931,1,301733,1,12264,4,535476,4,79193,4,723639,4,1400358,8,2086965,108,32833,24,3076,1,27413,1,3016,1,0,0,0,0,0,0,506750,1,18165,1,3547,1,0,0,0,0,0,0,0,0,17019,1,40,1,9559,1,4519,1,17059,1,9559,1,48,1,0,0,0,0,0,0
280,5753600,4518,9559,28.990183,,0,11,9,108,31775,1143,4750,5721825,16,178,40,1,30880,1,50,1,1960872,1,503444,1,114031,1,3101448,1,11061,1,305310,1,12574,4,534614,4,79784,4,732226,4,1404797,8,2100652,108,31621,24,3006,1,25259,1,2735,1,0,0,0,0,0,0,477073,1,19678,1,3507,1,0,0,0,0,0,0,0,0,17022,1,40,1,9559,1,4518,1,17062,1,9559,1,48,1,0,0,0,0,0,0
281,5902900,4520,9559,28.990183,,0,11,9,108,33099,1102,4069,5869801,16,178,40,1,25359,1,30,1,1977394,1,532750,1,113730,1,3209106,1,11392,1,300291,1,12835,4,536127,4,79704,4,790789,4,1449503,8,2204452,108,31771,24,3226,1,32583,1,2946,1,0,0,0,0,0,0,506520,1,19668,1,3377,1,0,0,0,0,0,0,0,0,17023,1,40,1,9559,1,4520,1,17063,1,9559,1,48,1,0,0,0,0,0,0
282,5849400,4520,9559,28.990185,,0,11,9,108,32120,1162,4218,5817280,16,178,50,1,25399,1,50,1,1969068,1,538030,1,113770,1,3159831,1,11081,1,320229,1,12574,4,535726,4,79694,4,752295,4,1423783,8,2140038,108,31822,24,3226,1,28385,1,2755,1,0,0,0,0,0,0,508423,1,22784,1,3627,1,0,0,0,0,0,0,0,0,17016,1,40,1,9559,1,4520,1,17056,1,9559,1,48,1,0,0,0,0,0,0
283,5780400,4518,9559,28.990185,,0,11,9,108,33907,1082,4169,5746493,16,178,10,1,25459,1,50,1,1968296,1,524985,1,114221,1,3102450,1,11021,1,309569,1,12604,4,536638,4,79784,4,725864,4,1406350,8,2095862,108,32182,24,2966,1,24798,1,2795,1,0,0,0,0,0,0,499165,1,19087,1,3577,1,0,0,0,0,0,0,0,0,17020,1,40,1,9559,1,4518,1,17060,1,9559,1,48,1,0,0,0,0,0,0
284,5817500,4518,9559,28.990185,,0,11,9,108,32072,1193,4320,5785428,16,178,40,1,25459,1,20,1,1973025,1,533311,1,113570,1,3128470,1,11532,1,306212,1,13085,4,536938,4,79634,4,726685,4,1433672,8,2124317,108,31721,24,3286,1,25038,1,2725,1,0,0,0,0,0,0,505387,1,20199,1,3397,1,0,0,0,0,0,0,0,0,17018,1,40,1,9559,1,4518,1,17058,1,9559,1,48,1,0,0,0,0,0,0
285,5766100,4519,9559,28.990185,,0,11,9,108,30959,1132,4168,5735141,16,178,30,1,25349,1,90,1,1971613,1,529624,1,112738,1,3084575,1,11122,1,304419,1,12534,4,534033,4,79734,4,724681,4,1397563,8,2086465,108,31611,24,3046,1,24648,1,2785,1,0,0,0,0,0,0,502081,1,19538,1,3667,1,0,0,0,0,0,0,0,0,17019,1,40,1,9559,1,4519,1,17059,1,9559,1,48,1,0,0,0,0,0,0
286,5789200,4520,9559,28.990185,,0,11,9,108,30023,1052,4539,5759177,16,178,30,1,25319,1,30,1,1964108,1,522611,1,112958,1,3122939,1,11182,1,304950,1,12685,4,535636,4,79654,4,752515,4,1406410,8,2122675,108,31711,24,3046,1,24257,1,2735,1,0,0,0,0,0,0,495648,1,20229,1,3547,1,0,0,0,0,0,0,0,0,17022,1,40,1,9559,1,4520,1,17062,1,9559,1,48,1,0,0,0,0,0,0
287,5882400,4519,9559,28.990185,,0,11,9,108,33088,1303,7925,5849312,16,178,120,1,30349,1,90,1,1965932,1,528462,1,129480,1,3183947,1,10931,1,301884,1,12765,4,532680,4,79474,4,785990,4,1440265,8,2185476,108,32854,24,3186,1,23686,1,2715,1,0,0,0,0,0,0,501339,1,19147,1,3597,1,0,0,0,0,0,0,0,0,17028,1,40,1,9559,1,4519,1,17068,1,9559,1,48,1,0,0,0,0,0,0
288,5845900,4520,9559,28.990185,,0,11,9,108,32037,1162,4480,5813863,16,178,30,1,30088,1,40,1,1958628,1,538772,1,119281,1,3156033,1,10991,1,304048,1,12735,4,535105,4,79734,4,752836,4,1440205,8,2156639,108,31922,24,3126,1,24337,1,2745,1,0,0,0,0,0,0,511379,1,19508,1,3717,1,0,0,0,0,0,0,0,0,17031,1,40,1,9559,1,4520,1,17071,1,9559,1,48,1,0,0,0,0,0,0
289,5771200,4518,9559,28.990185,,0,11,9,108,31410,1092,4309,5739790,16,178,40,1,25279,1,40,1,1970571,1,537349,1,119972,1,3075528,1,11011,1,302796,1,12494,4,535636,4,79734,4,721355,4,1392042,8,2077357,108,31731,24,3116,1,24527,1,2735,1,0,0,0,0,0,0,509886,1,19828,1,3467,1,0,0,0,0,0,0,0,0,17017,1,40,1,9559,1,4518,1,17057,1,9559,1,48,1,0,0,0,0,0,0
290,5845500,4517,9559,28.99019,,0,11,9,108,33190,1202,4549,5812310,16,178,60,1,25449,1,50,1,1973607,1,584881,1,118740,1,3098241,1,11282,1,301413,1,12414,4,535405,4,79404,4,733448,4,1404616,8,2102015,108,31501,24,3026,1,24608,1,2705,1,0,0,0,0,0,0,560404,1,16772,1,3497,1,0,0,0,0,0,0,0,0,17015,1,40,1,9559,1,4517,1,17055,1,9559,1,48,1,0,0,0,0,0,0
291,5730100,4517,9559,28.99019,,0,11,9,108,31851,1102,4639,5698249,16,178,70,1,25109,1,40,1,1952746,1,511710,1,118770,1,3078804,1,11001,1,303206,1,12554,4,535435,4,79965,4,727377,4,1389156,8,2080172,108,31721,24,2966,1,24337,1,2705,1,0,0,0,0,0,0,485038,1,18877,1,3577,1,0,0,0,0,0,0,0,0,17016,1,40,1,9559,1,4517,1,17056,1,9559,1,48,1,0,0,0,0,0,0
292,5826600,4519,9559,28.99019,,0,11,9,108,32084,1082,4228,5794516,16,178,20,1,25309,1,50,1,1970821,1,541136,1,119371,1,3126536,1,11272,1,304709,1,12524,4,535956,4,80145,4,763306,4,1398324,8,2125500,108,31901,24,3116,1,24618,1,2755,1,0,0,0,0,0,0,514164,1,20299,1,3527,1,0,0,0,0,0,0,0,0,17022,1,40,1,9559,1,4519,1,17062,1,9559,1,48,1,0,0,0,0,0,0
293,5820700,4517,9559,28.990187,,0,11,9,108,31665,1242,4549,5789035,16,178,40,1,25399,1,30,1,1967825,1,529955,1,119421,1,3135363,1,11001,1,305150,1,12534,4,535556,4,79804,4,746103,4,1424495,8,2134217,108,31832,24,3106,1,24568,1,2805,1,0,0,0,0,0,0,503353,1,19868,1,3587,1,0,0,0,0,0,0,0,0,17011,1,40,1,9559,1,4517,1,17051,1,9559,1,48,1,0,0,0,0,0,0
294,5748000,4517,9559,28.990185,,0,11,9,108,32267,1052,4549,5715733,16,178,10,1,25199,1,40,1,1969449,1,534714,1,119331,1,3055970,1,11021,1,304188,1,12394,4,535195,4,79303,4,714061,4,1379888,8,2057649,108,31751,24,3176,1,23946,1,2765,1,0,0,0,0,0,0,506610,1,20430,1,3517,1,0,0,0,0,0,0,0,0,17014,1,40,1,9559,1,4517,1,17054,1,9559,1,48,1,0,0,0,0,0,0
295,5823200,4516,9559,28.990192,,0,11,9,108,32983,4548,4229,5790217,16,178,160,1,30529,1,80,1,1995098,1,536467,1,122757,1,3092170,1,12955,1,307044,1,13346,4,534454,4,80055,4,726545,4,1394768,8,2083779,108,33304,24,3096,1,25569,1,2745,1,0,0,0,0,0,0,508093,1,20460,1,3397,1,0,0,0,0,0,0,0,0,17017,1,40,1,9559,1,4516,1,17057,1,9559,1,48,1,0,0,0,0,0,0
296,5772700,4516,9559,28.990198,,0,11,9,108,30456,1062,4480,5742244,16,178,20,1,30098,1,50,1,1965411,1,516890,1,119221,1,3099614,1,10941,1,301423,1,12284,4,534063,4,79624,4,734771,4,1406119,8,2104188,108,32222,24,2976,1,24537,1,2755,1,0,0,0,0,0,0,490569,1,19878,1,3377,1,0,0,0,0,0,0,0,0,17015,1,40,1,9559,1,4516,1,17055,1,9559,1,48,1,0,0,0,0,0,0
297,5813500,4515,9559,28.990198,,0,11,9,108,31679,1082,4338,5781821,16,178,120,1,25149,1,50,1,1968777,1,527450,1,118459,1,3130814,1,11001,1,302896,1,12604,4,534955,4,79774,4,756783,4,1411930,8,2131322,108,33054,24,4338,1,23626,1,2825,1,0,0,0,0,0,0,500618,1,19237,1,3387,1,0,0,0,0,0,0,0,0,17014,1,40,1,9559,1,4515,1,17054,1,9559,1,48,1,0,0,0,0,0,0
298,5930000,4515,9559,28.990196,,0,11,9,108,35862,1142,4209,5894138,16,178,50,1,25259,1,60,1,1982814,1,581114,1,118730,1,3174238,1,11873,1,325620,1,12544,4,535455,4,79955,4,753637,4,1433973,8,2150949,108,32453,24,3046,1,25710,1,3156,1,0,0,0,0,0,0,553861,1,20269,1,3497,1,0,0,0,0,0,0,0,0,17015,1,40,1,9559,1,4515,1,17055,1,9559,1,48,1,0,0,0,0,0,0
299,5864200,4515,9559,28.990194,,0,11,9,108,35047,1192,4359,5829153,16,178,40,1,25449,1,40,1,1968767,1,549974,1,118429,1,3155332,1,11122,1,311833,1,12594,4,535145,4,79965,4,751954,4,1429084,8,2144006,108,32673,24,3196,1,27533,1,2835,1,0,0,0,0,0,0,524154,1,19157,1,3577,1,0,0,0,0,0,0,0,0,17016,1,40,1,9559,1,4515,1,17056,1,9559,1,48,1,0,0,0,0,0,0
300,5860100,4515,9559,28.990194,,0,11,9,108,32881,1292,4679,5827219,16,178,80,1,30890,1,60,1,1967134,1,572046,1,115754,1,3130313,1,10941,1,305681,1,12154,4,532039,4,79895,4,741394,4,1426799,8,2130219,108,33294,24,3066,1,25289,1,2705,1,0,0,0,0,0,0,545886,1,18075,1,3647,1,0,0,0,0,0,0,0,0,17018,1,40,1,9559,1,4515,1,17058,1,9559,1,48,1,0,0,0,0,0,0
301,5768000,4515,9559,28.990194,,0,11,9,108,32118,1273,4469,5735882,16,178,20,1,30259,1,30,1,1960601,1,534253,1,118489,1,3080898,1,11332,1,304118,1,12384,4,536337,4,80195,4,720644,4,1393916,8,2077608,108,32483,24,3236,1,26030,1,2765,1,0,0,0,0,0,0,507111,1,19418,1,3507,1,0,0,0,0,0,0,0,0,17016,1,40,1,9559,1,4515,1,17056,1,9559,1,48,1,0,0,0,0,0,0
302,5977100,4515,9559,28.990194,,0,11,9,108,38426,1132,4289,5938674,16,165,140,1,30659,1,80,1,2002462,1,536087,1,147155,1,3211080,1,11011,1,372621,1,13075,4,580132,4,79253,4,722147,4,1412391,8,2096694,108,33555,24,4068,1,23505,1,2755,1,0,0,0,0,0,0,507441,1,20630,1,3557,1,0,0,0,0,0,0,0,0,17019,1,40,1,9559,1,4515,1,17059,1,9559,1,48,1,0,0,0,0,0,0
303,5809000,4516,9559,28.990194,,0,11,9,108,31157,1022,4699,5777843,16,178,40,1,25109,1,120,1,1949510,1,540706,1,117818,1,3132969,1,11572,1,300852,1,12454,4,534904,4,82590,4,739570,4,1431007,8,2133165,108,32713,24,3016,1,24838,1,2715,1,0,0,0,0,0,0,503654,1,29277,1,3517,1,0,0,0,0,0,0,0,0,17017,1,40,1,9559,1,4516,1,17057,1,9559,1,48,1,0,0,0,0,0,0
304,5845500,4515,9559,28.990194,,0,11,9,108,33000,1353,4108,5812500,16,178,150,1,30439,1,90,1,1975661,1,535696,1,117307,1,3142237,1,10921,1,308066,1,12815,4,533782,4,79404,4,746995,4,1428302,8,2137824,108,33365,24,3096,1,25640,1,2785,1,0,0,0,0,0,0,509355,1,18295,1,3537,1,0,0,0,0,0,0,0,0,17014,1,40,1,9559,1,4515,1,17054,1,9559,1,48,1,0,0,0,0,0,0
305,5805000,4517,9559,28.990194,,0,11,9,108,31285,1072,4339,5773715,16,178,50,1,29938,1,40,1,1956694,1,533892,1,118800,1,3123200,1,11101,1,301934,1,12204,4,534764,4,80085,4,756924,4,1405748,8,2125590,108,32743,24,3106,1,24608,1,2755,1,0,0,0,0,0,0,506009,1,20089,1,3507,1,0,0,0,0,0,0,0,0,17016,1,40,1,9559,1,4517,1,17056,1,9559,1,48,1,0,0,0,0,0,0
306,5897700,4517,9559,28.990194,,0,11,9,108,32758,1092,4318,5864942,16,178,20,1,25479,1,30,1,1978797,1,586013,1,118359,1,3144651,1,11592,1,302455,1,12584,4,534734,4,79975,4,744850,4,1438943,8,2146741,108,32733,24,3116,1,24147,1,2755,1,0,0,0,0,0,0,561235,1,17043,1,3557,1,0,0,0,0,0,0,0,0,17012,1,40,1,9559,1,4517,1,17052,1,9559,1,48,1,0,0,0,0,0,0
307,5751300,4517,9559,28.990194,,0,11,9,108,32531,1112,4419,5718769,16,178,80,1,25209,1,110,1,1968507,1,525827,1,118299,1,3069656,1,11081,1,304138,1,12494,4,535966,4,79894,4,721315,4,1384738,8,2069040,108,32593,24,3156,1,24107,1,2735,1,0,0,0,0,0,0,500538,1,18586,1,3557,1,0,0,0,0,0,0,0,0,17012,1,40,1,9559,1,4517,1,17052,1,9559,1,48,1,0,0,0,0,0,0
308,5771400,4516,9559,28.990194,,0,11,9,108,31640,1102,4849,5739760,16,178,10,1,25219,1,50,1,1970551,1,526769,1,120253,1,3085787,1,11122,1,302585,1,12464,4,536177,4,79524,4,726375,4,1397583,8,2086505,108,32603,24,3026,1,24237,1,2715,1,0,0,0,0,0,0,499696,1,19327,1,3457,1,0,0,0,0,0,0,0,0,17013,1,40,1,9559,1,4516,1,17053,1,9559,1,48,1,0,0,0,0,0,0
309,5763700,4516,9559,28.990194,,0,11,9,108,32607,1142,4139,5731093,16,178,30,1,25068,1,110,1,1972414,1,500929,1,118549,1,3102660,1,11332,1,301303,1,12725,4,536848,4,79253,4,736965,4,1404366,8,2103347,108,33845,24,2986,1,24307,1,2765,1,0,0,0,0,0,0,475650,1,17554,1,3507,1,0,0,0,0,0,0,0,0,17016,1,40,1,9559,1,4516,1,17056,1,9559,1,48,1,0,0,0,0,0,0
310,5814900,4516,9559,28.990194,,0,11,9,108,31817,1162,3888,5783083,16,178,50,1,25379,1,40,1,1970140,1,536808,1,118459,1,3121126,1,11081,1,302976,1,12374,4,535876,4,79724,4,750321,4,1408875,8,2122113,108,33194,24,3126,1,23946,1,2745,1,0,0,0,0,0,0,509265,1,19868,1,3387,1,0,0,0,0,0,0,0,0,17016,1,40,1,9559,1,4516,1,17056,1,9559,1,48,1,0,0,0,0,0,0
311,5929200,4516,9559,28.990194,,0,11,9,108,31645,1072,4228,5897555,16,178,20,1,25249,1,80,1,1968467,1,534624,1,118800,1,3239024,1,11292,1,302555,1,12805,4,536538,4,79884,4,756513,4,1519729,8,2239010,108,33004,24,3156,1,24016,1,2755,1,0,0,0,0,0,0,507912,1,19999,1,3497,1,0,0,0,0,0,0,0,0,17014,1,40,1,9559,1,4516,1,17054,1,9559,1,48,1,0,0,0,0,0,0
312,5817100,4515,9559,28.990194,,0,11,9,108,30450,1152,4560,5786650,16,178,40,1,25139,1,90,1,1972214,1,533131,1,119631,1,3125324,1,11081,1,302846,1,12384,4,536497,4,79985,4,739350,4,1423082,8,2125288,108,32583,24,3036,1,24227,1,2765,1,0,0,0,0,0,0,505918,1,19628,1,3286,1,0,0,0,0,0,0,0,0,17012,1,40,1,9559,1,4515,1,17052,1,9559,1,48,1,0,0,0,0,0,0
313,5795000,4515,9559,28.990194,,0,11,9,108,31965,1533,7215,5763035,16,178,90,1,30780,1,90,1,1971853,1,532289,1,115664,1,3099334,1,12935,1,304379,1,12604,4,534804,4,79684,4,730683,4,1404566,8,2094680,108,33355,24,3296,1,25038,1,2745,1,0,0,0,0,0,0,503594,1,20660,1,3447,1,0,0,0,0,0,0,0,0,17012,1,40,1,9559,1,4515,1,17052,1,9559,1,48,1,0,0,0,0,0,0
314,5764100,4515,9559,28.990194,,0,11,9,108,32737,1152,4559,5731363,16,178,60,1,30379,1,50,1,1961082,1,522470,1,123369,1,3082932,1,11021,1,298948,1,12254,4,535035,4,79664,4,726685,4,1399276,8,2089270,108,32132,24,3166,1,23996,1,2755,1,0,0,0,0,0,0,495168,1,19538,1,3437,1,0,0,0,0,0,0,0,0,17013,1,40,1,9559,1,4515,1,17053,1,9559,1,48,1,0,0,0,0,0,0
315,5761700,4517,9559,28.990194,,0,11,9,108,31168,1082,4208,5730532,16,178,60,1,25229,1,110,1,1973647,1,501279,1,118800,1,3100255,1,11152,1,300782,1,12675,4,535876,4,80035,4,748357,4,1391381,8,2103157,108,32373,24,3016,1,24307,1,2745,1,0,0,0,0,0,0,473926,1,19578,1,3507,1,0,0,0,0,0,0,0,0,17014,1,40,1,9559,1,4517,1,17054,1,9559,1,48,1,0,0,0,0,0,0
316,5790600,4515,9559,28.990194,,0,11,9,108,32024,1102,4389,5758576,16,178,70,1,25299,1,60,1,1968467,1,528552,1,118850,1,3106026,1,11252,1,302846,1,12414,4,535185,4,80045,4,745452,4,1398524,8,2107274,108,32312,24,3096,1,24598,1,2765,1,0,0,0,0,0,0,501329,1,19558,1,3437,1,0,0,0,0,0,0,0,0,17012,1,40,1,9559,1,4515,1,17052,1,9559,1,48,1,0,0,0,0,0,0
317,5856400,4517,9559,28.990194,,0,11,9,108,38264,1423,4139,5818136,16,178,110,1,30309,1,60,1,1969018,1,533036,1,146774,1,3127468,1,11362,1,338575,1,12975,4,556777,4,79273,4,718990,4,1388776,8,2067928,108,35699,24,3356,1,24467,1,2856,1,0,0,0,0,0,0,502857,1,22013,1,4318,1,0,0,0,0,0,0,0,0,17013,1,44,1,9559,1,4517,1,17057,1,9559,1,48,1,0,0,0,0,0,0
318,5767700,4516,9559,28.990192,,0,11,9,108,32910,1242,4650,5734790,16,178,70,1,30048,1,30,1,1980500,1,528232,1,117157,1,3067712,1,11041,1,303948,1,12604,4,533722,4,79644,4,714652,4,1391451,8,2066065,108,35388,24,3146,1,24557,1,2745,1,0,0,0,0,0,0,501289,1,19878,1,3727,1,0,0,0,0,0,0,0,0,17012,1,44,1,9559,1,4516,1,17056,1,9559,1,48,1,0,0,0,0,0,0
319,5804500,4516,9559,28.99019,,0,11,9,108,31777,1202,4178,5772723,16,178,30,1,25289,1,40,1,1961153,1,533592,1,117076,1,3124512,1,11031,1,303858,1,12745,4,536397,4,80586,4,730192,4,1427741,8,2116663,108,37092,24,4859,1,23886,1,3046,1,0,0,0,0,0,0,506329,1,19568,1,3477,1,0,0,0,0,0,0,0,0,17016,1,44,1,9559,1,4516,1,17060,1,9559,1,48,1,0,0,0,0,0,0
320,5750400,4515,9559,28.990196,,0,11,9,108,31691,1092,4439,5718709,16,178,50,1,25910,1,40,1,1971593,1,492252,1,120202,1,3097400,1,11262,1,302465,1,12474,4,533391,4,80125,4,741815,4,1396881,8,2098908,108,35348,24,3096,1,23345,1,2715,1,0,0,0,0,0,0,464879,1,19688,1,3447,1,0,0,0,0,0,0,0,0,17013,1,44,1,9559,1,4515,1,17057,1,9559,1,48,1,0,0,0,0,0,0
321,5816600,4515,9559,28.990198,,0,11,9,108,31553,1002,4449,5785047,16,178,40,1,25549,1,40,1,1968116,1,532359,1,118750,1,3129191,1,11001,1,302755,1,12584,4,533321,4,79794,4,755140,4,1414545,8,2129899,108,35338,24,3076,1,24237,1,2735,1,0,0,0,0,0,0,504315,1,20409,1,3427,1,0,0,0,0,0,0,0,0,17013,1,44,1,9559,1,4515,1,17057,1,9559,1,48,1,0,0,0,0,0,0
322,5790400,4517,9559,28.990198,,0,11,9,108,32806,1112,4599,5757594,16,178,50,1,25369,1,50,1,1970671,1,550935,1,118429,1,3080657,1,11432,1,302515,1,12875,4,534724,4,79654,4,717838,4,1402071,8,2079661,108,35649,24,2986,1,24167,1,2715,1,0,0,0,0,0,0,524504,1,19408,1,3457,1,0,0,0,0,0,0,0,0,17012,1,44,1,9559,1,4517,1,17056,1,9559,1,48,1,0,0,0,0,0,0
323,5767000,4517,9559,28.990198,,0,11,9,108,32000,1202,4579,5735000,16,178,10,1,25149,1,30,1,1970250,1,538732,1,117658,1,3072201,1,10971,1,304399,1,12314,4,534824,4,79844,4,723229,4,1386080,8,2069712,108,35017,24,3016,1,24537,1,2755,1,0,0,0,0,0,0,512190,1,20029,1,3437,1,0,0,0,0,0,0,0,0,17010,1,44,1,9559,1,4517,1,17054,1,9559,1,48,1,0,0,0,0,0,0
324,5778900,4517,9559,28.990198,,0,11,9,108,30694,1102,4690,5748206,16,178,30,1,25179,1,40,1,1970881,1,521138,1,118810,1,3101117,1,11011,1,303637,1,12344,4,533802,4,80275,4,731264,4,1408945,8,2099720,108,35799,24,2996,1,23996,1,2755,1,0,0,0,0,0,0,493464,1,19949,1,3407,1,0,0,0,0,0,0,0,0,17012,1,44,1,9559,1,4517,1,17056,1,9559,1,48,1,0,0,0,0,0,0
325,5797300,4516,9559,28.990194,,0,11,9,108,31981,1112,4759,5765319,16,178,40,1,25339,1,50,1,1969739,1,525266,1,117968,1,3115916,1,11001,1,299970,1,12474,4,534464,4,80255,4,751603,4,1405638,8,2116743,108,35739,24,3136,1,24537,1,2725,1,0,0,0,0,0,0,499386,1,18025,1,3567,1,0,0,0,0,0,0,0,0,17009,1,44,1,9559,1,4516,1,17053,1,9559,1,48,1,0,0,0,0,0,0
326,5835000,4516,9559,28.990189,,0,11,9,108,31788,1002,4699,5803212,16,178,40,1,24978,1,30,1,1971322,1,534043,1,118289,1,3143469,1,11041,1,304399,1,12654,4,534103,4,80205,4,755361,4,1425847,8,2140930,108,35579,24,3096,1,24016,1,2785,1,0,0,0,0,0,0,506259,1,20159,1,3407,1,0,0,0,0,0,0,0,0,17011,1,44,1,9559,1,4516,1,17055,1,9559,1,48,1,0,0,0,0,0,0
327,5789800,4516,9559,28.990189,,0,11,9,108,32116,1172,4790,5757684,16,178,20,1,25279,1,60,1,1971493,1,530666,1,118409,1,3100716,1,11041,1,303627,1,12444,4,534263,4,79644,4,728649,4,1411129,8,2099659,108,35328,24,3086,1,23936,1,2765,1,0,0,0,0,0,0,502782,1,19929,1,3717,1,0,0,0,0,0,0,0,0,17007,1,44,1,9559,1,4516,1,17051,1,9559,1,48,1,0,0,0,0,0,0
328,5780500,4515,9559,28.990189,,0,11,9,108,32284,1092,4849,5748216,16,178,50,1,25169,1,40,1,1969549,1,517030,1,119130,1,3106037,1,11212,1,301072,1,12785,4,534444,4,79764,4,729751,4,1417191,8,2108998,108,33094,24,3026,1,24117,1,2795,1,0,0,0,0,0,0,492973,1,17183,1,3737,1,0,0,0,0,0,0,0,0,17010,1,40,1,9559,1,4515,1,17050,1,9559,1,48,1,0,0,0,0,0,0
329,5801700,4514,9559,28.990189,,0,11,9,108,32413,1082,4660,5769287,16,178,30,1,25109,1,40,1,1971893,1,526278,1,118339,1,3116607,1,10991,1,303106,1,12755,4,533953,4,79674,4,733008,4,1423473,8,2119288,108,32533,24,3006,1,23746,1,2805,1,0,0,0,0,0,0,501430,1,18135,1,3527,1,0,0,0,0,0,0,0,0,17004,1,40,1,9559,1,4514,1,17044,1,9559,1,48,1,0,0,0,0,0,0
330,5883100,4515,9559,28.990189,,0,11,9,108,34529,1303,4640,5848571,16,178,30,1,25119,1,40,1,1972735,1,516960,1,118690,1,3203767,1,11232,1,301012,1,12995,4,579010,4,79915,4,755401,4,1442651,8,2161390,108,32022,24,3266,1,25429,1,2785,1,0,0,0,0,0,0,490248,1,18887,1,3467,1,0,0,0,0,0,0,0,0,17009,1,40,1,9559,1,4515,1,17049,1,9559,1,48,1,0,0,0,0,0,0
331,5797100,4513,9559,28.990189,,0,11,9,108,32051,1132,4369,5765049,16,178,50,1,30208,1,70,1,1955462,1,532169,1,118279,1,3117819,1,10991,1,305270,1,12745,4,533892,4,79965,4,755461,4,1399346,8,2118837,108,31601,24,3186,1,24047,1,2775,1,0,0,0,0,0,0,503764,1,20500,1,3527,1,0,0,0,0,0,0,0,0,17003,1,40,1,9559,1,4513,1,17043,1,9559,1,48,1,0,0,0,0,0,0
332,5835900,4513,9559,28.990189,,0,11,9,108,30714,1102,4258,5805186,16,178,30,1,25189,1,40,1,1971032,1,539684,1,118469,1,3139732,1,11011,1,303988,1,12584,4,532981,4,79844,4,750842,4,1427591,8,2142543,108,31631,24,3176,1,24858,1,2765,1,0,0,0,0,0,0,513303,1,19898,1,3356,1,0,0,0,0,0,0,0,0,17007,1,40,1,9559,1,4513,1,17047,1,9559,1,48,1,0,0,0,0,0,0
333,5783400,4512,9559,28.990185,,0,11,9,108,31206,1162,4960,5752194,16,178,40,1,25129,1,110,1,1971663,1,537790,1,117587,1,3088923,1,10951,1,301713,1,12394,4,533902,4,79684,4,727266,4,1402773,8,2093808,108,31270,24,3156,1,24167,1,2705,1,0,0,0,0,0,0,500007,1,29617,1,3467,1,0,0,0,0,0,0,0,0,17003,1,40,1,9559,1,4512,1,17043,1,9559,1,48,1,0,0,0,0,0,0
334,5772300,4513,9559,28.990185,,0,11,9,108,31178,1112,4740,5741122,16,178,30,1,25159,1,40,1,1970891,1,529464,1,117798,1,3086459,1,11282,1,304349,1,12554,4,535115,4,79664,4,725333,4,1398444,8,2087616,108,31421,24,2996,1,24127,1,2765,1,0,0,0,0,0,0,502071,1,19678,1,3437,1,0,0,0,0,0,0,0,0,17013,1,40,1,9559,1,4513,1,17053,1,9559,1,48,1,0,0,0,0,0,0
335,5748900,4514,9559,28.990185,,0,11,9,108,30682,1082,4539,5718218,16,178,20,1,25149,1,50,1,1971302,1,511199,1,119090,1,3080407,1,11001,1,302295,1,12444,4,533642,4,80205,4,737216,4,1383586,8,2088017,108,28245,24,2976,1,24197,1,2765,1,0,0,0,0,0,0,483505,1,19638,1,3657,1,0,0,0,0,0,0,0,0,17021,1,36,1,9559,1,4514,1,17057,1,9559,1,48,1,0,0,0,0,0,0
336,5894700,4513,9559,28.990185,,0,11,9,108,34057,1313,5030,5860643,16,178,170,1,30509,1,70,1,1999086,1,586795,1,117137,1,3113371,1,13506,1,327744,1,13536,4,535536,4,80335,4,735643,4,1385730,8,2087456,108,28886,24,3286,1,27373,1,2876,1,0,0,0,0,0,0,558600,1,19919,1,3497,1,0,0,0,0,0,0,0,0,17019,1,36,1,9559,1,4513,1,17055,1,9559,1,48,1,0,0,0,0,0,0
337,5848700,4516,9559,28.990185,,0,11,9,108,33585,1313,4419,5815115,16,178,180,1,31110,1,90,1,1958227,1,543802,1,117056,1,3153619,1,11031,1,317664,1,12664,4,535496,4,80445,4,751654,4,1420297,8,2135990,108,31541,24,3156,1,28104,1,2825,1,0,0,0,0,0,0,516248,1,19518,1,3547,1,0,0,0,0,0,0,0,0,17024,1,40,1,9559,1,4516,1,17064,1,9559,1,48,1,0,0,0,0,0,0
338,5877100,4517,9559,28.990185,,0,11,9,108,34852,1242,4270,5842248,16,178,60,1,25489,1,30,1,1958287,1,536758,1,114361,1,3195880,1,11382,1,307705,1,12815,4,536387,4,81097,4,767144,4,1454563,8,2184313,108,33124,24,3056,1,28926,1,2946,1,0,0,0,0,0,0,508784,1,20349,1,3417,1,0,0,0,0,0,0,0,0,17022,1,40,1,9559,1,4517,1,17062,1,9559,1,48,1,0,0,0,0,0,0
339,5811300,4518,9559,28.990185,,0,11,9,108,35841,5501,4328,5775459,16,178,180,1,31000,1,70,1,1967505,1,535455,1,115994,1,3112379,1,12875,1,323155,1,12875,4,534063,4,79955,4,719311,4,1403264,8,2085052,108,33194,24,3066,1,28425,1,2765,1,0,0,0,0,0,0,506039,1,21361,1,3537,1,0,0,0,0,0,0,0,0,17023,1,40,1,9559,1,4518,1,17063,1,9559,1,48,1,0,0,0,0,0,0
340,5787700,4517,9559,28.990185,,0,11,9,108,32981,1202,4129,5754719,16,178,30,1,30629,1,40,1,1973466,1,543351,1,114732,1,3081399,1,11071,1,313095,1,12805,4,533402,4,79824,4,721135,4,1389227,8,2074701,108,31531,24,3036,1,24888,1,2785,1,0,0,0,0,0,0,515377,1,20129,1,3507,1,0,0,0,0,0,0,0,0,17024,1,40,1,9559,1,4517,1,17064,1,9559,1,48,1,0,0,0,0,0,0
341,5800600,4517,9559,28.990185,,0,11,9,108,31574,1102,4289,5769026,16,178,40,1,25710,1,40,1,1959499,1,508573,1,112808,1,3151294,1,11061,1,304379,1,12725,4,535626,4,79935,4,733889,4,1452429,8,2150518,108,31511,24,3006,1,25489,1,2715,1,0,0,0,0,0,0,481902,1,20239,1,3276,1,0,0,0,0,0,0,0,0,17019,1,40,1,9559,1,4517,1,17059,1,9559,1,48,1,0,0,0,0,0,0
342,5803300,4517,9559,28.990185,,0,11,9,108,32290,1242,4309,5771010,16,178,120,1,25229,1,30,1,1968958,1,537830,1,114271,1,3113361,1,11212,1,302936,1,12574,4,534023,4,79874,4,750612,4,1400909,8,2114308,108,32904,24,3236,1,24998,1,2956,1,0,0,0,0,0,0,510938,1,19057,1,3437,1,0,0,0,0,0,0,0,0,17021,1,40,1,9559,1,4517,1,17061,1,9559,1,48,1,0,0,0,0,0,0
343,5808100,4517,9559,28.990185,,0,11,9,108,32882,1182,4379,5775218,16,178,10,1,25700,1,50,1,1968497,1,527400,1,113149,1,3129382,1,11031,1,303307,1,12484,4,534003,4,80305,4,747225,4,1419715,8,2130670,108,31892,24,3106,1,25319,1,2735,1,0,0,0,0,0,0,499466,1,19207,1,4469,1,0,0,0,0,0,0,0,0,17023,1,40,1,9559,1,4517,1,17063,1,9559,1,48,1,0,0,0,0,0,0
344,5764500,4517,9559,28.990185,,0,11,9,108,32135,1032,4349,5732365,16,178,20,1,25269,1,110,1,1971553,1,534814,1,111636,1,3077962,1,11001,1,301323,1,12454,4,534153,4,79604,4,726074,4,1393254,8,2082306,108,32673,24,3166,1,24137,1,2765,1,0,0,0,0,0,0,510006,1,17203,1,3286,1,0,0,0,0,0,0,0,0,17023,1,40,1,9559,1,4517,1,17063,1,9559,1,48,1,0,0,0,0,0,0
345,5785300,4517,9559,28.990189,,0,11,9,108,31844,1002,4499,5753456,16,178,20,1,25379,1,50,1,1971973,1,531277,1,112728,1,3100987,1,11041,1,303607,1,12594,4,534834,4,80045,4,730903,4,1408153,8,2102966,108,31591,24,2976,1,24077,1,2795,1,0,0,0,0,0,0,504365,1,19187,1,3497,1,0,0,0,0,0,0,0,0,17022,1,40,1,9559,1,4517,1,17062,1,9559,1,48,1,0,0,0,0,0,0
346,5784100,4517,9559,28.990189,,0,11,9,108,33509,1012,4138,5750591,16,178,30,1,25309,1,110,1,1970511,1,524334,1,112588,1,3106698,1,11011,1,303858,1,13005,4,534213,4,80335,4,736915,4,1408043,8,2109108,108,31711,24,3026,1,23485,1,2805,1,0,0,0,0,0,0,497212,1,19598,1,3286,1,0,0,0,0,0,0,0,0,17030,1,40,1,9559,1,4517,1,17070,1,9559,1,48,1,0,0,0,0,0,0
347,5804700,4517,9559,28.990189,,0,11,9,108,30925,1112,4439,5773775,16,178,20,1,25379,1,10,1,1967204,1,532981,1,118890,1,3118230,1,11061,1,301994,1,12765,4,534293,4,79944,4,756463,4,1401971,8,2121933,108,32062,24,3116,1,23816,1,2755,1,0,0,0,0,0,0,506570,1,19878,1,3346,1,0,0,0,0,0,0,0,0,17033,1,40,1,9559,1,4517,1,17073,1,9559,1,48,1,0,0,0,0,0,0
348,5818600,4517,9559,28.990189,,0,11,9,108,30747,1042,4619,5787853,16,178,20,1,25409,1,40,1,1968747,1,528302,1,118639,1,3135684,1,11011,1,302555,1,12524,4,534514,4,79934,4,752355,4,1422781,8,2138485,108,32032,24,3136,1,24087,1,2755,1,0,0,0,0,0,0,500518,1,20209,1,3306,1,0,0,0,0,0,0,0,0,17033,1,40,1,9559,1,4517,1,17073,1,9559,1,48,1,0,0,0,0,0,0
349,5801100,4516,9559,28.990189,,0,11,9,108,30601,1122,4249,5770499,16,178,100,1,25750,1,90,1,1971152,1,526137,1,117938,1,3118320,1,11011,1,303507,1,12634,4,535025,4,79985,4,765560,4,1390178,8,2122905,108,28585,24,3086,1,24387,1,2835,1,0,0,0,0,0,0,500077,1,18355,1,3427,1,0,0,0,0,0,0,0,0,17034,1,36,1,9559,1,4516,1,17070,1,9559,1,48,1,0,0,0,0,0,0
350,5771700,4515,9559,28.990189,,0,11,9,108,32742,1203,4229,5738958,16,178,20,1,25169,1,50,1,1970501,1,527580,1,118720,1,3085908,1,11011,1,305160,1,12624,4,534524,4,80225,4,725373,4,1396340,8,2089119,108,28365,24,3006,1,24658,1,2795,1,0,0,0,0,0,0,502382,1,18696,1,3367,1,0,0,0,0,0,0,0,0,17032,1,36,1,9559,1,4515,1,17068,1,9559,1,48,1,0,0,0,0,0,0
351,5758400,4516,9559,28.990189,,0,11,9,108,30022,1082,4409,5728378,16,178,100,1,25179,1,40,1,1972414,1,524735,1,119140,1,3075738,1,11031,1,305200,1,12514,4,534063,4,80045,4,723309,4,1389076,8,2079541,108,28435,24,3096,1,24578,1,2775,1,0,0,0,0,0,0,497322,1,19778,1,3377,1,0,0,0,0,0,0,0,0,17037,1,36,1,9559,1,4516,1,17073,1,9559,1,48,1,0,0,0,0,0,0
352,5782000,4517,9559,28.990189,,0,11,9,108,33343,1162,4389,5748657,16,178,20,1,25299,1,30,1,1967365,1,533702,1,122577,1,3088503,1,11162,1,302525,1,12955,4,534103,4,80436,4,745702,4,1379468,8,2092596,108,28184,24,3206,1,26110,1,2835,1,0,0,0,0,0,0,507211,1,19919,1,3437,1,0,0,0,0,0,0,0,0,17035,1,36,1,9559,1,4517,1,17071,1,9559,1,48,1,0,0,0,0,0,0
353,5838700,4518,9559,28.990189,,0,11,9,108,33073,1202,4450,5805627,16,178,10,1,25790,1,40,1,1970631,1,541637,1,118810,1,3137698,1,11011,1,308597,1,12324,4,534313,4,80035,4,750000,4,1419235,8,2136110,108,28675,24,3196,1,25970,1,2825,1,0,0,0,0,0,0,512992,1,21131,1,3377,1,0,0,0,0,0,0,0,0,17035,1,36,1,9559,1,4518,1,17071,1,9559,1,48,1,0,0,0,0,0,0
354,5771000,4518,9559,28.990189,,0,11,9,108,32853,1162,4549,5738147,16,178,30,1,25279,1,50,1,1969068,1,530005,1,117237,1,3085166,1,11312,1,304689,1,12374,4,534644,4,79884,4,718029,4,1404466,8,2089400,108,28545,24,3126,1,23946,1,2846,1,0,0,0,0,0,0,503524,1,18927,1,3316,1,0,0,0,0,0,0,0,0,17036,1,36,1,9559,1,4518,1,17072,1,9559,1,48,1,0,0,0,0,0,0
355,5774900,4519,9559,28.990189,,0,11,9,108,33798,1172,4389,5741102,16,178,10,1,25890,1,90,1,1990339,1,521559,1,117477,1,3074586,1,11152,1,303256,1,12384,4,535065,4,79764,4,720443,4,1391030,8,2078028,108,29056,24,3026,1,25529,1,2916,1,0,0,0,0,0,0,495037,1,18806,1,3467,1,0,0,0,0,0,0,0,0,17036,1,36,1,9559,1,4519,1,17072,1,9559,1,48,1,0,0,0,0,0,0
356,5758900,4518,9559,28.990189,,0,11,9,108,31775,1102,4509,5727125,16,178,50,1,25549,1,40,1,1972545,1,501690,1,118539,1,3097510,1,11202,1,305932,1,12504,4,534143,4,79664,4,742997,4,1388866,8,2098748,108,28605,24,3066,1,26281,1,2956,1,0,0,0,0,0,0,474458,1,19518,1,3407,1,0,0,0,0,0,0,0,0,17035,1,36,1,9559,1,4518,1,17071,1,9559,1,48,1,0,0,0,0,0,0
357,5918200,4519,9559,28.990189,,0,11,9,108,36180,1543,4069,5882020,16,178,50,1,30429,1,80,1,1954530,1,531944,1,142155,1,3211851,1,10981,1,368753,1,12885,4,566976,4,79494,4,737506,4,1413023,8,2117233,108,29227,24,3176,1,25700,1,2795,1,0,0,0,0,0,0,502407,1,21391,1,4258,1,0,0,0,0,0,0,0,0,17038,1,36,1,9559,1,4519,1,17074,1,9559,1,48,1,0,0,0,0,0,0
358,5795800,4520,9559,28.990189,,0,11,9,108,31743,1112,4359,5764057,16,178,50,1,29978,1,40,1,1958588,1,531087,1,117808,1,3115535,1,10971,1,305381,1,12394,4,534233,4,79915,4,741784,4,1410147,8,2113436,108,34136,24,3196,1,24608,1,2765,1,0,0,0,0,0,0,503754,1,19478,1,3637,1,0,0,0,0,0,0,0,0,17033,1,44,1,9559,1,4520,1,17077,1,9559,1,48,1,0,0,0,0,0,0
359,5756800,4521,9559,28.990189,,0,11,9,108,31629,1183,4740,5725171,16,178,30,1,25139,1,20,1,1970030,1,532510,1,118128,1,3068073,1,11242,1,305511,1,12444,4,534444,4,79944,4,717417,4,1386271,8,2064972,108,33976,24,3086,1,25038,1,2735,1,0,0,0,0,0,0,504726,1,20189,1,3417,1,0,0,0,0,0,0,0,0,17035,1,44,1,9559,1,4521,1,17079,1,9559,1,48,1,0,0,0,0,0,0
360,5769300,4521,9559,28.990189,,0,11,9,108,32266,1313,4369,5737034,16,178,60,1,30299,1,50,1,1971032,1,538852,1,115393,1,3068394,1,12955,1,306042,1,13055,4,532370,4,79283,4,716135,4,1389257,8,2066406,108,34617,24,3166,1,25008,1,2765,1,0,0,0,0,0,0,507311,1,20419,1,3457,1,0,0,0,0,0,0,0,0,17035,1,44,1,9559,1,4521,1,17079,1,9559,1,48,1,0,0,0,0,0,0
361,5726700,4521,9559,28.990189,,0,11,9,108,31036,1142,4189,5695664,16,178,30,1,30309,1,90,1,1961042,1,503544,1,118289,1,3071149,1,11212,1,302295,1,12534,4,533271,4,79884,4,726094,4,1386311,8,2073749,108,34467,24,2956,1,23936,1,2725,1,0,0,0,0,0,0,475409,1,20590,1,3296,1,0,0,0,0,0,0,0,0,17038,1,44,1,9559,1,4521,1,17082,1,9559,1,48,1,0,0,0,0,0,0
362,5796500,4521,9559,28.990189,,0,11,9,108,32023,1193,4199,5764477,16,178,50,1,25129,1,50,1,1968166,1,524895,1,118088,1,3117088,1,11011,1,302305,1,12384,4,534143,4,80075,4,752335,4,1404606,8,2118306,108,34437,24,3116,1,24167,1,2765,1,0,0,0,0,0,0,497973,1,19197,1,3487,1,0,0,0,0,0,0,0,0,17033,1,44,1,9559,1,4521,1,17077,1,9559,1,48,1,0,0,0,0,0,0
363,5820800,4521,9559,28.990189,,0,11,9,108,32697,1112,4179,5788103,16,178,70,1,25299,1,80,1,1978696,1,521448,1,117417,1,3133971,1,11122,1,301503,1,12354,4,534303,4,80024,4,750531,4,1424214,8,2136240,108,34326,24,3056,1,24147,1,2725,1,0,0,0,0,0,0,496590,1,17243,1,3296,1,0,0,0,0,0,0,0,0,17035,1,44,1,9559,1,4521,1,17079,1,9559,1,48,1,0,0,0,0,0,0
364,5779100,4521,9559,28.990189,,0,11,9,108,31956,1142,4349,5747144,16,178,40,1,25008,1,30,1,1969619,1,537219,1,119000,1,3085196,1,11031,1,303858,1,12584,4,536828,4,79935,4,729441,4,1391521,8,2082487,108,34126,24,3116,1,24026,1,2745,1,0,0,0,0,0,0,509936,1,19568,1,3377,1,0,0,0,0,0,0,0,0,17033,1,44,1,9559,1,4521,1,17077,1,9559,1,48,1,0,0,0,0,0,0
365,5762200,4521,9559,28.990189,,0,11,9,108,31257,1102,4419,5730943,16,178,50,1,25299,1,50,1,1971643,1,537509,1,117708,1,3067692,1,10991,1,302966,1,12484,4,536508,4,79584,4,715965,4,1389557,8,2066957,108,34146,24,2946,1,23836,1,2745,1,0,0,0,0,0,0,511319,1,19027,1,3286,1,0,0,0,0,0,0,0,0,17034,1,44,1,9559,1,4521,1,17078,1,9559,1,48,1,0,0,0,0,0,0
366,5760600,4521,9559,28.990189,,0,11,9,108,32513,1152,4330,5728087,16,178,30,1,25119,1,40,1,1980350,1,506730,1,117818,1,3087010,1,10991,1,309398,1,12434,4,536508,4,79874,4,724661,4,1391501,8,2077937,108,33896,24,3116,1,25630,1,2735,1,0,0,0,0,0,0,480760,1,18977,1,3527,1,0,0,0,0,0,0,0,0,17033,1,44,1,9559,1,4521,1,17077,1,9559,1,48,1,0,0,0,0,0,0
367,5797300,4521,9559,28.990189,,0,11,9,108,32883,1132,4529,5764417,16,178,20,1,25189,1,40,1,1967926,1,521529,1,118449,1,3120234,1,11031,1,305140,1,12554,4,535646,4,80025,4,752375,4,1403073,8,2116693,108,34226,24,3156,1,24417,1,2715,1,0,0,0,0,0,0,494506,1,19337,1,3397,1,0,0,0,0,0,0,0,0,17035,1,44,1,9559,1,4521,1,17079,1,9559,1,48,1,0,0,0,0,0,0
368,5829100,4521,9559,28.990187,,0,11,9,108,31949,1072,4669,5797151,16,178,30,1,25549,1,30,1,1974528,1,535165,1,118179,1,3132367,1,11302,1,304068,1,12404,4,538932,4,80145,4,745622,4,1420166,8,2126211,108,34908,24,3076,1,24137,1,2745,1,0,0,0,0,0,0,508423,1,19929,1,3637,1,0,0,0,0,0,0,0,0,17033,1,44,1,9559,1,4521,1,17077,1,9559,1,48,1,0,0,0,0,0,0
369,5777000,4520,9559,28.990185,,0,11,9,108,32030,1112,4199,5744970,16,178,40,1,25539,1,50,1,1970060,1,536968,1,118199,1,3083112,1,11001,1,305090,1,12524,4,536738,4,80125,4,725393,4,1391781,8,2084440,108,28535,24,3166,1,24417,1,2765,1,0,0,0,0,0,0,510337,1,20059,1,3467,1,0,0,0,0,0,0,0,0,17043,1,36,1,9559,1,4520,1,17079,1,9559,1,48,1,0,0,0,0,0,0
370,5754400,4520,9559,28.990189,,0,11,9,108,33026,1042,4318,5721374,16,178,20,1,25299,1,110,1,1970661,1,526478,1,117988,1,3069786,1,11031,1,303176,1,12614,4,536057,4,80305,4,716295,4,1390419,8,2074131,108,28265,24,2976,1,24157,1,2745,1,0,0,0,0,0,0,498985,1,19768,1,3397,1,0,0,0,0,0,0,0,0,17043,1,36,1,9559,1,4520,1,17079,1,9559,1,48,1,0,0,0,0,0,0
371,5765800,4520,9559,28.990189,,0,11,9,108,31691,1082,4368,5734109,16,178,10,1,25319,1,40,1,1971743,1,512140,1,118058,1,3095797,1,11001,1,304048,1,12454,4,536027,4,79914,4,746744,4,1385840,8,2100332,108,27884,24,3086,1,23836,1,2765,1,0,0,0,0,0,0,485048,1,19217,1,3577,1,0,0,0,0,0,0,0,0,17039,1,36,1,9559,1,4520,1,17075,1,9559,1,48,1,0,0,0,0,0,0
372,5783200,4520,9559,28.990189,,0,11,9,108,32189,1142,4329,5751011,16,178,10,1,25129,1,30,1,1969228,1,525787,1,117938,1,3101858,1,11031,1,303246,1,12685,4,535686,4,79925,4,743638,4,1395619,8,2106313,108,28615,24,3096,1,24117,1,2705,1,0,0,0,0,0,0,499286,1,19748,1,3627,1,0,0,0,0,0,0,0,0,17037,1,36,1,9559,1,4520,1,17073,1,9559,1,48,1,0,0,0,0,0,0
373,5740500,4520,9559,28.990189,,0,11,9,108,31590,1132,4269,5708910,16,178,10,1,25329,1,40,1,1974388,1,531227,1,116836,1,3050068,1,11011,1,304529,1,12244,4,536868,4,79954,4,712127,4,1373226,8,2052699,108,28385,24,3156,1,24087,1,2745,1,0,0,0,0,0,0,503985,1,18586,1,4489,1,0,0,0,0,0,0,0,0,17034,1,36,1,9559,1,4520,1,17070,1,9559,1,48,1,0,0,0,0,0,0
374,5909500,4520,9559,28.990189,,0,11,9,108,37560,1423,4069,5871940,16,178,110,1,30409,1,60,1,1977664,1,523256,1,143518,1,3185881,1,11041,1,375246,1,13296,4,582987,4,80045,4,721726,4,1378937,8,2067998,108,28595,24,3206,1,26070,1,2946,1,0,0,0,0,0,0,493569,1,21451,1,4208,1,0,0,0,0,0,0,0,0,17032,1,36,1,9559,1,4520,1,17068,1,9559,1,48,1,0,0,0,0,0,0
375,5760400,4520,9559,28.990189,,0,11,9,108,31541,1152,4199,5728859,16,178,10,1,30289,1,140,1,1960992,1,530957,1,119271,1,3075848,1,11352,1,310380,1,12274,4,536477,4,79614,4,718800,4,1385670,8,2071225,108,29046,24,3006,1,25700,1,2775,1,0,0,0,0,0,0,502512,1,20670,1,3557,1,0,0,0,0,0,0,0,0,17032,1,36,1,9559,1,4520,1,17068,1,9559,1,48,1,0,0,0,0,0,0
376,5791800,4520,9559,28.990189,,0,11,9,108,31130,1112,4279,5760670,16,178,20,1,25319,1,40,1,1969940,1,526458,1,118108,1,3109724,1,11061,1,303637,1,12504,4,535626,4,79915,4,741845,4,1403073,8,2111523,108,29116,24,5911,1,23125,1,2976,1,0,0,0,0,0,0,497452,1,20389,1,4358,1,0,0,0,0,0,0,0,0,17035,1,36,1,9559,1,4520,1,17071,1,9559,1,48,1,0,0,0,0,0,0
377,5808400,4520,9559,28.990189,,0,11,9,108,32080,1112,4449,5776320,16,178,10,1,25119,1,40,1,1968607,1,549523,1,118469,1,3103522,1,11031,1,298718,1,12344,4,536007,4,80225,4,743818,4,1399957,8,2110741,108,28585,24,3106,1,25419,1,2815,1,0,0,0,0,0,0,522360,1,19528,1,3397,1,0,0,0,0,0,0,0,0,17035,1,36,1,9559,1,4520,1,17071,1,9559,1,48,1,0,0,0,0,0,0
378,5743600,4520,9559,28.990189,,0,11,9,108,32085,1052,4329,5711515,16,178,20,1,25149,1,40,1,1958708,1,529925,1,118259,1,3068424,1,10991,1,303236,1,12494,4,536578,4,79844,4,717758,4,1387443,8,2071786,108,29086,24,3136,1,24127,1,2755,1,0,0,0,0,0,0,503554,1,19828,1,3417,1,0,0,0,0,0,0,0,0,17035,1,36,1,9559,1,4520,1,17071,1,9559,1,48,1,0,0,0,0,0,0
379,5990200,4520,9559,28.990189,,0,11,9,108,34978,1292,6934,5955222,16,178,150,1,30469,1,90,1,1975681,1,573525,1,141464,1,3222963,1,10881,1,349275,1,13636,4,577727,4,80706,4,754890,4,1413153,8,2131832,108,29277,24,3046,1,26391,1,2846,1,0,0,0,0,0,0,542736,1,21371,1,5591,1,0,0,0,0,0,0,0,0,17037,1,36,1,9559,1,4520,1,17073,1,9559,1,48,1,0,0,0,0,0,0
380,5737600,4521,9559,28.990189,,0,11,9,108,34351,1262,5731,5703249,16,178,190,1,25159,1,60,1,1980199,1,522460,1,113750,1,3048525,1,12905,1,304519,1,13476,4,532400,4,79744,4,711115,4,1375801,8,2052539,108,28645,24,2986,1,24507,1,2715,1,0,0,0,0,0,0,496430,1,19267,1,3477,1,0,0,0,0,0,0,0,0,17038,1,36,1,9559,1,4521,1,17074,1,9559,1,48,1,0,0,0,0,0,0
381,5727400,4521,9559,28.990189,,0,11,9,108,31976,1033,4419,5695424,16,178,30,1,30269,1,40,1,1959960,1,505327,1,118519,1,3070077,1,11202,1,304479,1,12584,4,535997,4,80214,4,728369,4,1377193,8,2072788,108,28355,24,2986,1,24437,1,2785,1,0,0,0,0,0,0,477453,1,20339,1,3296,1,0,0,0,0,0,0,0,0,17039,1,36,1,9559,1,4521,1,17075,1,9559,1,48,1,0,0,0,0,0,0
382,5785200,4521,9559,28.990189,,0,11,9,108,32054,1142,4339,5753146,16,178,70,1,25159,1,40,1,1968707,1,529885,1,125403,1,3092811,1,11071,1,303166,1,12604,4,535676,4,80155,4,740482,4,1387313,8,2094881,108,28575,24,3236,1,26351,1,2685,1,0,0,0,0,0,0,501500,1,19788,1,4388,1,0,0,0,0,0,0,0,0,17038,1,36,1,9559,1,4521,1,17074,1,9559,1,48,1,0,0,0,0,0,0
383,5774200,4521,9559,28.990189,,0,11,9,108,32206,2064,4479,5741994,16,178,170,1,30168,1,100,1,1968376,1,532440,1,116926,1,3082822,1,10991,1,308887,1,12564,4,535125,4,80455,4,719541,4,1392112,8,2078089,108,29086,24,3106,1,26151,1,2815,1,0,0,0,0,0,0,503554,1,21031,1,3477,1,0,0,0,0,0,0,0,0,17039,1,36,1,9559,1,4521,1,17075,1,9559,1,48,1,0,0,0,0,0,0
384,5727900,4521,9559,28.990189,,0,11,9,108,30793,1052,4299,5697107,16,178,50,1,29918,1,50,1,1959119,1,527991,1,118549,1,3050399,1,11031,1,304479,1,12484,4,535806,4,79654,4,712638,4,1374378,8,2054272,108,28445,24,3026,1,24157,1,2725,1,0,0,0,0,0,0,501610,1,19818,1,3367,1,0,0,0,0,0,0,0,0,17035,1,36,1,9559,1,4521,1,17071,1,9559,1,48,1,0,0,0,0,0,0
385,5875800,4521,9559,28.990189,,0,11,9,108,36979,1543,4679,5838821,16,178,90,1,30319,1,80,1,1978075,1,516468,1,142105,1,3158708,1,12975,1,367581,1,13015,4,577928,4,79614,4,715283,4,1371983,8,2053762,108,28826,24,3106,1,25820,1,2835,1,0,0,0,0,0,0,487022,1,21381,1,4288,1,0,0,0,0,0,0,0,0,17034,1,36,1,9559,1,4521,1,17070,1,9559,1,48,1,0,0,0,0,0,0
386,5739300,4520,9559,28.990189,,0,11,9,108,33165,1172,4188,5706135,16,178,40,1,30379,1,40,1,1961513,1,510718,1,118690,1,3073714,1,11041,1,304248,1,12324,4,535415,4,80035,4,720894,4,1389467,8,2078199,108,27974,24,3126,1,24217,1,2815,1,0,0,0,0,0,0,483455,1,19568,1,3497,1,0,0,0,0,0,0,0,0,17032,1,36,1,9559,1,4520,1,17068,1,9559,1,48,1,0,0,0,0,0,0
387,5816400,4520,9559,28.990189,,0,11,9,108,32645,1102,4420,5783755,16,178,60,1,25159,1,50,1,1968687,1,531859,1,118369,1,3128460,1,11111,1,304138,1,12434,4,536357,4,79854,4,764478,4,1399887,8,2131672,108,28274,24,3136,1,24297,1,2775,1,0,0,0,0,0,0,503223,1,19868,1,4529,1,0,0,0,0,0,0,0,0,17041,1,36,1,9559,1,4520,1,17077,1,9559,1,48,1,0,0,0,0,0,0
388,5760500,4520,9559,28.990189,,0,11,9,108,32653,1083,4149,5727847,16,178,50,1,25028,1,90,1,1974498,1,529073,1,117738,1,3070347,1,11021,1,303367,1,12384,4,536307,4,80295,4,717928,4,1389146,8,2074150,108,28776,24,3106,1,23976,1,2755,1,0,0,0,0,0,0,501750,1,19508,1,3537,1,0,0,0,0,0,0,0,0,17036,1,36,1,9559,1,4520,1,17072,1,9559,1,48,1,0,0,0,0,0,0
389,5764500,4520,9559,28.990189,,0,11,9,108,32816,1824,4298,5731684,16,178,150,1,30188,1,80,1,1971132,1,550234,1,116235,1,3052563,1,11101,1,307124,1,12494,4,533652,4,79634,4,712328,4,1374508,8,2053331,108,29206,24,3076,1,25189,1,2735,1,0,0,0,0,0,0,522851,1,20560,1,3507,1,0,0,0,0,0,0,0,0,17035,1,36,1,9559,1,4520,1,17071,1,9559,1,48,1,0,0,0,0,0,0
390,5744300,4521,9559,28.990189,,0,11,9,108,31853,1132,4509,5712447,16,178,40,1,29828,1,90,1,1965441,1,507792,1,119701,1,3078283,1,11272,1,305240,1,12214,4,535746,4,79894,4,730783,4,1382473,8,2079922,108,28826,24,3006,1,25028,1,2765,1,0,0,0,0,0,0,479788,1,20259,1,3467,1,0,0,0,0,0,0,0,0,17036,1,36,1,9559,1,4521,1,17072,1,9559,1,48,1,0,0,0,0,0,0
391,5811500,4521,9559,28.990189,,0,11,9,108,31553,1132,4650,5779947,16,178,40,1,25179,1,30,1,1967334,1,535776,1,118870,1,3121687,1,11031,1,303787,1,12214,4,535736,4,79884,4,746343,4,1403935,8,2116312,108,29317,24,3136,1,24447,1,11071,1,0,0,0,0,0,0,508213,1,19838,1,3467,1,0,0,0,0,0,0,0,0,17038,1,36,1,9559,1,4521,1,17074,1,9559,1,48,1,0,0,0,0,0,0
392,5822300,4521,9559,28.990189,,0,11,9,108,33986,1082,4399,5788314,16,178,50,1,25259,1,30,1,1971573,1,537509,1,118419,1,3124372,1,11101,1,303457,1,12394,4,535886,4,79724,4,742987,4,1418834,8,2128866,108,28555,24,3186,1,24077,1,2745,1,0,0,0,0,0,0,511800,1,19177,1,3417,1,0,0,0,0,0,0,0,0,17037,1,36,1,9559,1,4521,1,17073,1,9559,1,48,1,0,0,0,0,0,0
393,5796800,4521,9559,28.990189,,0,11,9,108,33385,1172,4298,5763415,16,178,20,1,25119,1,40,1,1969829,1,571285,1,118008,1,3068163,1,10951,1,300882,1,12454,4,536417,4,79424,4,718560,4,1388695,8,2074462,108,28495,24,3116,1,24688,1,2755,1,0,0,0,0,0,0,544834,1,18776,1,3387,1,0,0,0,0,0,0,0,0,17037,1,36,1,9559,1,4521,1,17073,1,9559,1,48,1,0,0,0,0,0,0
394,5758700,4521,9559,28.990189,,0,11,9,108,31875,1012,4219,5726825,16,178,10,1,25099,1,120,1,1971392,1,539984,1,119060,1,3060168,1,10991,1,304008,1,12254,4,536848,4,79504,4,716115,4,1380530,8,2064472,108,27954,24,2966,1,24207,1,2725,1,0,0,0,0,0,0,512601,1,19728,1,3477,1,0,0,0,0,0,0,0,0,17037,1,36,1,9559,1,4521,1,17073,1,9559,1,48,1,0,0,0,0,0,0
395,5775800,4520,9559,28.990189,,0,11,9,108,31241,1212,4409,5744559,16,178,40,1,25159,1,100,1,1973046,1,510297,1,119481,1,3105465,1,10971,1,304248,1,12284,4,535616,4,79955,4,749950,4,1392092,8,2109118,108,28515,24,3036,1,24347,1,2725,1,0,0,0,0,0,0,481621,1,19648,1,4719,1,0,0,0,0,0,0,0,0,17037,1,36,1,9559,1,4520,1,17073,1,9559,1,48,1,0,0,0,0,0,0
396,5797500,4520,9559,28.990189,,0,11,9,108,30778,1122,4699,5766722,16,178,40,1,25119,1,90,1,1968477,1,534454,1,119201,1,3108050,1,11292,1,300651,1,12244,4,535696,4,80325,4,752505,4,1395599,8,2114278,108,29126,24,3146,1,24016,1,2745,1,0,0,0,0,0,0,507081,1,19518,1,3457,1,0,0,0,0,0,0,0,0,17037,1,36,1,9559,1,4520,1,17073,1,9559,1,48,1,0,0,0,0,0,0
397,5809200,4520,9559,28.990189,,0,11,9,108,30776,1032,4439,5778424,16,178,30,1,25139,1,60,1,1968126,1,524073,1,118409,1,3131596,1,10991,1,304158,1,12534,4,535656,4,80415,4,745622,4,1422511,8,2134568,108,29126,24,3006,1,23936,1,2725,1,0,0,0,0,0,0,497322,1,19147,1,3557,1,0,0,0,0,0,0,0,0,17035,1,36,1,9559,1,4520,1,17071,1,9559,1,48,1,0,0,0,0,0,0
398,5843400,4520,9559,28.990187,,0,11,9,108,31962,1092,4289,5811438,16,178,50,1,25479,1,50,1,1969689,1,529634,1,119180,1,3156254,1,11101,1,301403,1,12624,4,536588,4,80666,4,738117,4,1449032,8,2152212,108,30649,24,5931,1,27864,1,2936,1,0,0,0,0,0,0,504576,1,18406,1,3587,1,0,0,0,0,0,0,0,0,17035,1,36,1,9559,1,4520,1,17071,1,9559,1,48,1,0,0,0,0,0,0
399,5812400,4519,9559,28.990181,,0,11,9,108,33925,1102,4289,5778475,16,178,20,1,25159,1,40,1,1977113,1,537900,1,120343,1,3106748,1,11152,1,328185,1,12454,4,536698,4,79915,4,716285,4,1394887,8,2077687,108,29196,24,3056,1,31421,1,2745,1,0,0,0,0,0,0,507612,1,22313,1,3707,1,0,0,0,0,0,0,0,0,17033,1,36,1,9559,1,4519,1,17069,1,9559,1,48,1,0,0,0,0,0,0
400,5763200,4520,9559,28.990177,,0,11,9,108,30805,1143,4709,5732395,16,178,10,1,25680,1,40,1,1974108,1,517761,1,118369,1,3085457,1,10971,1,313647,1,12444,4,535616,4,79844,4,724070,4,1388215,8,2078239,108,29337,24,2966,1,24778,1,2735,1,0,0,0,0,0,0,489917,1,19989,1,4709,1,0,0,0,0,0,0,0,0,17036,1,36,1,9559,1,4520,1,17072,1,9559,1,48,1,0,0,0,0,0,0
401,5834300,4520,9559,28.990183,,0,11,9,108,34043,1082,4489,5800257,16,178,110,1,25309,1,90,1,1967555,1,526348,1,118690,1,3150843,1,11312,1,309328,1,12755,4,538081,4,79925,4,744911,4,1433131,8,2144787,108,28766,24,3166,1,25700,1,2765,1,0,0,0,0,0,0,500117,1,18486,1,3467,1,0,0,0,0,0,0,0,0,17037,1,36,1,9559,1,4520,1,17073,1,9559,1,48,1,0,0,0,0,0,0
402,5823500,4520,9559,28.990183,,0,11,9,108,31239,1102,4459,5792261,16,178,10,1,25018,1,50,1,1968376,1,543942,1,118449,1,3125234,1,11182,1,304669,1,12564,4,535987,4,80105,4,748638,4,1412331,8,2127815,108,28695,24,3146,1,23956,1,2735,1,0,0,0,0,0,0,516489,1,19588,1,3637,1,0,0,0,0,0,0,0,0,17035,1,36,1,9559,1,4520,1,17071,1,9559,1,48,1,0,0,0,0,0,0
403,5753900,4520,9559,28.990175,,0,11,9,108,31203,1162,4349,5722697,16,178,20,1,25389,1,80,1,1969008,1,526548,1,118579,1,3072091,1,10981,1,304359,1,12404,4,536658,4,80035,4,719652,4,1387373,8,2074391,108,28285,24,3016,1,24648,1,2785,1,0,0,0,0,0,0,499065,1,19788,1,3377,1,0,0,0,0,0,0,0,0,17037,1,36,1,9559,1,4520,1,17073,1,9559,1,48,1,0,0,0,0,0,0
404,5771800,4520,9559,28.990175,,0,11,9,108,32441,1042,4499,5739359,16,178,20,1,25219,1,70,1,1982724,1,526769,1,117527,1,3076008,1,11021,1,301182,1,12374,4,536768,4,79824,4,722157,4,1392633,8,2081385,108,28906,24,3006,1,24237,1,2785,1,0,0,0,0,0,0,502201,1,17774,1,3637,1,0,0,0,0,0,0,0,0,17040,1,36,1,9559,1,4520,1,17076,1,9559,1,48,1,0,0,0,0,0,0
405,5773100,4520,9559,28.990175,,0,11,9,108,31527,1122,4569,5741573,16,178,30,1,25319,1,40,1,1974578,1,524194,1,118229,1,3088142,1,11041,1,306252,1,12464,4,536237,4,79754,4,729601,4,1392703,8,2089250,108,28485,24,3006,1,24257,1,2745,1,0,0,0,0,0,0,496921,1,19568,1,3417,1,0,0,0,0,0,0,0,0,17041,1,36,1,9559,1,4520,1,17077,1,9559,1,48,1,0,0,0,0,0,0
406,5812400,4520,9559,28.99018,,0,11,9,108,32232,1092,4399,5780168,16,178,20,1,25489,1,30,1,1966363,1,541567,1,118329,1,3117368,1,11001,1,302715,1,12394,4,535826,4,79654,4,749670,4,1403775,8,2120451,108,28595,24,3106,1,26321,1,2815,1,0,0,0,0,0,0,513533,1,20189,1,3507,1,0,0,0,0,0,0,0,0,17034,1,36,1,9559,1,4520,1,17070,1,9559,1,48,1,0,0,0,0,0,0
407,5811800,4519,9559,28.99018,,0,11,9,108,32283,1233,4259,5779517,16,178,10,1,25249,1,40,1,1968056,1,534524,1,119160,1,3121496,1,10981,1,300381,1,12274,4,535686,4,80085,4,745161,4,1416229,8,2128947,108,28185,24,3106,1,24598,1,2745,1,0,0,0,0,0,0,506970,1,19768,1,3517,1,0,0,0,0,0,0,0,0,17032,1,36,1,9559,1,4519,1,17068,1,9559,1,48,1,0,0,0,0,0,0
408,5742300,4519,9559,28.99018,,0,11,9,108,32368,1142,4358,5709932,16,178,40,1,25048,1,30,1,1972044,1,522651,1,119010,1,3059967,1,11142,1,303427,1,12174,4,536397,4,80115,4,714151,4,1382704,8,2064432,108,28064,24,3116,1,24026,1,2715,1,0,0,0,0,0,0,495949,1,20059,1,3487,1,0,0,0,0,0,0,0,0,17033,1,36,1,9559,1,4519,1,17069,1,9559,1,48,1,0,0,0,0,0,0
409,5761800,4518,9559,28.99018,,0,11,9,108,33022,1092,4659,5728778,16,178,20,1,25279,1,120,1,1970541,1,533672,1,118399,1,3069746,1,11001,1,301453,1,13035,4,536748,4,79744,4,717938,4,1388635,8,2073830,108,28084,24,3166,1,25099,1,2835,1,0,0,0,0,0,0,507942,1,19137,1,3447,1,0,0,0,0,0,0,0,0,17035,1,36,1,9559,1,4518,1,17071,1,9559,1,48,1,0,0,0,0,0,0
410,5735800,4519,9559,28.99018,,0,11,9,108,31469,1142,4439,5704331,16,178,40,1,25129,1,40,1,1970972,1,496230,1,118820,1,3081780,1,11322,1,302685,1,12494,4,535866,4,79824,4,731986,4,1387744,8,2087216,108,28074,24,2976,1,24337,1,2725,1,0,0,0,0,0,0,468877,1,19608,1,3467,1,0,0,0,0,0,0,0,0,17035,1,36,1,9559,1,4519,1,17071,1,9559,1,48,1,0,0,0,0,0,0
411,5790800,4519,9559,28.99018,,0,11,9,108,31773,1113,4279,5759027,16,178,50,1,25279,1,30,1,1968166,1,536778,1,118980,1,3098742,1,11001,1,301613,1,12524,4,535586,4,79784,4,743007,4,1394887,8,2105561,108,28054,24,3106,1,24347,1,2775,1,0,0,0,0,0,0,508573,1,20540,1,3437,1,0,0,0,0,0,0,0,0,17032,1,36,1,9559,1,4519,1,17068,1,9559,1,48,1,0,0,0,0,0,0
412,5776900,4519,9559,28.99018,,0,11,9,108,32551,1132,4689,5744349,16,178,50,1,24978,1,30,1,1976612,1,525857,1,118830,1,3086910,1,11081,1,317664,1,12554,4,536427,4,79844,4,717778,4,1389998,8,2075153,108,27934,24,3106,1,25119,1,3286,1,0,0,0,0,0,0,499626,1,19788,1,3276,1,0,0,0,0,0,0,0,0,17038,1,36,1,9559,1,4519,1,17074,1,9559,1,48,1,0,0,0,0,0,0
413,5775700,4519,9559,28.99018,,0,11,9,108,32554,1142,4218,5743146,16,178,40,1,25239,1,100,1,1971042,1,541637,1,118980,1,3075127,1,10981,1,305150,1,12584,4,536157,4,79844,4,720553,4,1387724,8,2075814,108,28245,24,2996,1,26181,1,2795,1,0,0,0,0,0,0,515517,1,19387,1,3547,1,0,0,0,0,0,0,0,0,17039,1,36,1,9559,1,4519,1,17075,1,9559,1,48,1,0,0,0,0,0,0
414,5750800,4519,9559,28.99018,,0,11,9,108,31690,1132,4259,5719110,16,178,40,1,25149,1,60,1,1971282,1,523342,1,118760,1,3069496,1,10981,1,302635,1,12484,4,535576,4,79814,4,720563,4,1387623,8,2075513,108,28415,24,3066,1,23716,1,2886,1,0,0,0,0,0,0,495759,1,19828,1,3487,1,0,0,0,0,0,0,0,0,17036,1,36,1,9559,1,4519,1,17072,1,9559,1,48,1,0,0,0,0,0,0
415,5923000,4519,9559,28.99018,,0,11,9,108,40344,1443,4258,5882656,16,173,140,1,30559,1,70,1,1981402,1,539644,1,142095,1,3177755,1,10991,1,360808,1,13105,4,570774,4,79604,4,729691,4,1392473,8,2089320,108,28585,24,3126,1,23966,1,2765,1,0,0,0,0,0,0,510287,1,21161,1,4298,1,0,0,0,0,0,0,0,0,17039,1,36,1,9559,1,4519,1,17075,1,9559,1,48,1,0,0,0,0,0,0
416,5802800,4519,9559,28.99018,,0,11,9,108,31990,1162,4329,5770810,16,178,50,1,29978,1,50,1,1958848,1,539954,1,119932,1,3110736,1,11262,1,304228,1,12294,4,535997,4,79955,4,745943,4,1401160,8,2114629,108,28144,24,3146,1,24087,1,2765,1,0,0,0,0,0,0,512651,1,19438,1,3597,1,0,0,0,0,0,0,0,0,17037,1,36,1,9559,1,4519,1,17073,1,9559,1,48,1,0,0,0,0,0,0
417,5835700,4519,9559,28.990177,,0,11,9,108,32137,1072,4549,5803563,16,178,40,1,25339,1,30,1,1968316,1,540886,1,118760,1,3139191,1,11001,1,303787,1,12685,4,538341,4,79684,4,752405,4,1420647,8,2140419,108,28084,24,3066,1,24167,1,3336,1,0,0,0,0,0,0,514505,1,19057,1,3557,1,0,0,0,0,0,0,0,0,17035,1,36,1,9559,1,4519,1,17071,1,9559,1,48,1,0,0,0,0,0,0
418,5752600,4519,9559,28.990175,,0,11,9,108,31797,1072,4459,5720803,16,178,10,1,25289,1,50,1,1972635,1,533011,1,118760,1,3059947,1,11101,1,302545,1,12494,4,536237,4,79814,4,714151,4,1383846,8,2065574,108,27964,24,3186,1,23836,1,2765,1,0,0,0,0,0,0,505498,1,19638,1,3617,1,0,0,0,0,0,0,0,0,17035,1,36,1,9559,1,4519,1,17071,1,9559,1,48,1,0,0,0,0,0,0
419,5769900,4519,9559,28.990168,,0,11,9,108,30892,1162,4740,5739008,16,178,20,1,25038,1,90,1,1972785,1,529785,1,118990,1,3081279,1,11021,1,302485,1,12544,4,536207,4,79854,4,727196,4,1391651,8,2085973,108,28134,24,3166,1,24257,1,2755,1,0,0,0,0,0,0,501410,1,20540,1,3497,1,0,0,0,0,0,0,0,0,17035,1,36,1,9559,1,4519,1,17071,1,9559,1,48,1,0,0,0,0,0,0
420,5830700,4519,9559,28.990166,,0,11,9,108,30794,1222,4479,5799906,16,178,30,1,25269,1,90,1,1971022,1,496971,1,119351,1,3176062,1,11111,1,302665,1,12985,4,548992,4,80115,4,744630,4,1457268,8,2168783,108,28635,24,3246,1,22163,1,2775,1,0,0,0,0,0,0,469067,1,20109,1,3517,1,0,0,0,0,0,0,0,0,17037,1,36,1,9559,1,4519,1,17073,1,9559,1,48,1,0,0,0,0,0,0
421,5791800,4520,9559,28.990166,,0,11,9,108,32913,1393,4930,5758887,16,178,80,1,30399,1,80,1,1960010,1,537129,1,116976,1,3100877,1,13336,1,306292,1,12654,4,532299,4,80325,4,747105,4,1389527,8,2102695,108,29006,24,3156,1,25279,1,2846,1,0,0,0,0,0,0,508573,1,20369,1,3727,1,0,0,0,0,0,0,0,0,17036,1,36,1,9559,1,4520,1,17072,1,9559,1,48,1,0,0,0,0,0,0
422,5972100,4519,9559,28.990166,,0,11,9,108,34168,5120,4178,5937932,16,178,180,1,30309,1,80,1,1958828,1,575703,1,142916,1,3219025,1,10891,1,364024,1,13997,4,566155,4,84744,4,747486,4,1406330,8,2120180,108,29457,24,3176,1,25179,1,2815,1,0,0,0,0,0,0,546206,1,21361,1,4258,1,0,0,0,0,0,0,0,0,17040,1,36,1,9559,1,4519,1,17076,1,9559,1,48,1,0,0,0,0,0,0
423,5799600,4519,9559,28.990166,,0,11,9,108,31145,1182,4188,5768455,16,178,30,1,30128,1,30,1,1984528,1,530736,1,118249,1,3093713,1,11041,1,298868,1,12354,4,535656,4,79874,4,735262,4,1400588,8,2103758,108,27904,24,3046,1,24177,1,2705,1,0,0,0,0,0,0,504285,1,18736,1,3527,1,0,0,0,0,0,0,0,0,17038,1,36,1,9559,1,4519,1,17074,1,9559,1,48,1,0,0,0,0,0,0
424,5752600,4519,9559,28.990166,,0,11,9,108,32138,1112,4489,5720462,16,178,20,1,25209,1,40,1,1969028,1,529815,1,117888,1,3067462,1,11001,1,300541,1,12624,4,536337,4,79684,4,716586,4,1390980,8,2075353,108,27724,24,3066,1,23786,1,2745,1,0,0,0,0,0,0,501810,1,19217,1,4549,1,0,0,0,0,0,0,0,0,17033,1,36,1,9559,1,4519,1,17069,1,9559,1,48,1,0,0,0,0,0,0
425,5751200,4518,9559,28.990166,,0,11,9,108,28964,1062,4369,5722236,16,178,50,1,25199,1,60,1,1971262,1,529534,1,117818,1,3064977,1,13336,1,303888,1,12494,4,535866,4,79574,4,718109,4,1383616,8,2069662,108,27694,24,2956,1,24387,1,3026,1,0,0,0,0,0,0,503223,1,19718,1,3487,1,0,0,0,0,0,0,0,0,17035,1,36,1,9559,1,4518,1,17071,1,9559,1,48,1,0,0,0,0,0,0
426,5828300,4520,9559,28.990166,,0,11,9,108,31039,1022,4409,5797261,16,178,150,1,25179,1,40,1,1972044,1,556035,1,120433,1,3111998,1,11382,1,341330,1,12755,4,539503,4,79854,4,722136,4,1376622,8,2066666,108,27684,24,2956,1,33074,1,2745,1,0,0,0,0,0,0,523793,1,23696,1,3407,1,0,0,0,0,0,0,0,0,17037,1,36,1,9559,1,4520,1,17073,1,9559,1,48,1,0,0,0,0,0,0
427,5819700,4519,9559,28.990158,,0,11,9,108,33601,1122,4729,5786099,16,178,20,1,25309,1,90,1,1968076,1,539774,1,118700,1,3123059,1,11071,1,323415,1,12414,4,535846,4,80095,4,743658,4,1391872,8,2102766,108,28034,24,3086,1,28806,1,2745,1,0,0,0,0,0,0,512341,1,19668,1,3547,1,0,0,0,0,0,0,0,0,17037,1,36,1,9559,1,4519,1,17073,1,9559,1,48,1,0,0,0,0,0,0
428,5877800,4519,9559,28.990158,,0,11,9,108,35452,1513,4139,5842348,16,178,160,1,31150,1,90,1,1970240,1,529434,1,116395,1,3183787,1,11091,1,310330,1,12895,4,535435,4,79684,4,774087,4,1436267,8,2176769,108,29447,24,3136,1,27684,1,2755,1,0,0,0,0,0,0,501861,1,19598,1,3427,1,0,0,0,0,0,0,0,0,17033,1,36,1,9559,1,4519,1,17069,1,9559,1,48,1,0,0,0,0,0,0
429,5766000,4519,9559,28.990156,,0,11,9,108,32092,1182,4219,5733908,16,178,20,1,30379,1,30,1,1959600,1,528181,1,118489,1,3086208,1,11001,1,306222,1,12204,4,536638,4,80516,4,722698,4,1395819,8,2086174,108,28124,24,3176,1,25008,1,2745,1,0,0,0,0,0,0,499646,1,20740,1,3497,1,0,0,0,0,0,0,0,0,17037,1,36,1,9559,1,4519,1,17073,1,9559,1,48,1,0,0,0,0,0,0
430,5753200,4518,9559,28.990152,,0,11,9,108,31766,1122,4660,5721434,16,178,40,1,25840,1,40,1,1982824,1,527059,1,118108,1,3056491,1,11031,1,303637,1,12554,4,536477,4,79804,4,714682,4,1377594,8,2058831,108,28786,24,2966,1,24858,1,2795,1,0,0,0,0,0,0,500468,1,20009,1,3457,1,0,0,0,0,0,0,0,0,17037,1,36,1,9559,1,4518,1,17073,1,9559,1,48,1,0,0,0,0,0,0
431,5743800,4518,9559,28.990156,,0,11,9,108,31804,1062,4670,5711996,16,178,60,1,25379,1,80,1,1973687,1,506880,1,122126,1,3072732,1,11051,1,300882,1,12284,4,535796,4,79985,4,728138,4,1382734,8,2078509,108,27694,24,2996,1,25920,1,2936,1,0,0,0,0,0,0,479267,1,19929,1,3407,1,0,0,0,0,0,0,0,0,17039,1,36,1,9559,1,4518,1,17075,1,9559,1,48,1,0,0,0,0,0,0
432,5791200,4518,9559,28.990158,,0,11,9,108,34698,1463,4549,5756502,16,178,140,1,30419,1,140,1,1971633,1,531267,1,115513,1,3096298,1,11091,1,306623,1,12685,4,533051,4,80145,4,742997,4,1387874,8,2098238,108,28084,24,3136,1,25549,1,2775,1,0,0,0,0,0,0,504365,1,20039,1,3567,1,0,0,0,0,0,0,0,0,17043,1,36,1,9559,1,4518,1,17079,1,9559,1,48,1,0,0,0,0,0,0
433,5753200,4518,9559,28.990156,,0,11,9,108,31726,1102,4470,5721474,16,178,10,1,30479,1,50,1,1966473,1,539423,1,118078,1,3055990,1,10971,1,301002,1,12554,4,535746,4,80135,4,716265,4,1379197,8,2063219,108,27774,24,3006,1,24247,1,2735,1,0,0,0,0,0,0,512231,1,19488,1,3507,1,0,0,0,0,0,0,0,0,17044,1,36,1,9559,1,4518,1,17080,1,9559,1,48,1,0,0,0,0,0,0
434,5752900,4518,9559,28.990156,,0,11,9,108,31336,1092,4419,5721564,16,178,50,1,25279,1,50,1,1973146,1,533331,1,117437,1,3061290,1,10981,1,298938,1,12675,4,536397,4,79574,4,716105,4,1386832,8,2070784,108,27734,24,2976,1,23906,1,2795,1,0,0,0,0,0,0,508073,1,17484,1,3497,1,0,0,0,0,0,0,0,0,17043,1,36,1,9559,1,4518,1,17079,1,9559,1,48,1,0,0,0,0,0,0
435,5752000,4519,9559,28.990156,,0,11,9,108,31017,1022,4138,5720983,16,178,10,1,25379,1,40,1,1973025,1,510257,1,118920,1,3082291,1,11061,1,302595,1,12234,4,535896,4,80255,4,725463,4,1393996,8,2087347,108,27974,24,2986,1,25109,1,2735,1,0,0,0,0,0,0,482533,1,19848,1,3637,1,0,0,0,0,0,0,0,0,17046,1,36,1,9559,1,4519,1,17082,1,9559,1,48,1,0,0,0,0,0,0
436,5816000,4519,9559,28.990156,,0,11,9,108,30963,1122,4469,5785037,16,178,30,1,25329,1,40,1,1969599,1,541497,1,118359,1,3119172,1,11011,1,303938,1,12554,4,537870,4,81367,4,757555,4,1394647,8,2119048,108,28685,24,3076,1,24227,1,2815,1,0,0,0,0,0,0,514816,1,20209,1,3427,1,0,0,0,0,0,0,0,0,17044,1,36,1,9559,1,4519,1,17080,1,9559,1,48,1,0,0,0,0,0,0
437,5808900,4519,9559,28.990156,,0,11,9,108,33071,1142,4409,5775829,16,178,30,1,25309,1,40,1,1968376,1,526518,1,118209,1,3126326,1,11021,1,302836,1,12624,4,535846,4,80005,4,747886,4,1416129,8,2131772,108,27834,24,3136,1,23926,1,2795,1,0,0,0,0,0,0,500598,1,18245,1,3487,1,0,0,0,0,0,0,0,0,17045,1,36,1,9559,1,4519,1,17081,1,9559,1,48,1,0,0,0,0,0,0
438,5773500,4519,9559,28.990156,,0,11,9,108,31516,1182,4560,5741984,16,178,30,1,25229,1,50,1,1970420,1,545826,1,117988,1,3071279,1,11162,1,302776,1,12404,4,536127,4,79544,4,718339,4,1391341,8,2077396,108,27724,24,3066,1,23756,1,2745,1,0,0,0,0,0,0,517892,1,19959,1,3707,1,0,0,0,0,0,0,0,0,17044,1,36,1,9559,1,4519,1,17080,1,9559,1,48,1,0,0,0,0,0,0
439,5827400,4520,9559,28.990156,,0,11,9,108,31552,1182,4669,5795848,16,178,20,1,25159,1,40,1,1970571,1,522621,1,118078,1,3148318,1,11041,1,304960,1,12244,4,536828,4,79915,4,725573,4,1453932,8,2146491,108,28345,24,3046,1,27824,1,2815,1,0,0,0,0,0,0,494216,1,20329,1,3687,1,0,0,0,0,0,0,0,0,17047,1,36,1,9559,1,4520,1,17083,1,9559,1,48,1,0,0,0,0,0,0
440,5750900,4521,9559,28.990154,,0,11,9,108,33333,1052,4509,5717567,16,178,30,1,25209,1,50,1,1970961,1,524394,1,118680,1,3067241,1,11001,1,311092,1,12504,4,535926,4,79874,4,714792,4,1380991,8,2063089,108,28185,24,2956,1,25209,1,2846,1,0,0,0,0,0,0,496170,1,20510,1,3437,1,0,0,0,0,0,0,0,0,17049,1,36,1,9559,1,4521,1,17085,1,9559,1,48,1,0,0,0,0,0,0
441,5759800,4521,9559,28.990154,,0,11,9,108,31913,1122,4249,5727887,16,178,30,1,25279,1,60,1,1970130,1,515677,1,119241,1,3086409,1,11061,1,304469,1,12544,4,536127,4,80175,4,737115,4,1384848,8,2090171,108,27543,24,3056,1,24217,1,2735,1,0,0,0,0,0,0,488374,1,19558,1,4529,1,0,0,0,0,0,0,0,0,17052,1,36,1,9559,1,4521,1,17088,1,9559,1,48,1,0,0,0,0,0,0
442,5797200,4522,9559,28.990156,,0,11,9,108,32512,1152,4309,5764688,16,178,40,1,25630,1,90,1,1970781,1,535125,1,117808,1,3104223,1,10991,1,303146,1,12494,4,537069,4,79955,4,734701,4,1405237,8,2107785,108,27844,24,3146,1,24557,1,2765,1,0,0,0,0,0,0,509926,1,17223,1,3707,1,0,0,0,0,0,0,0,0,17054,1,36,1,9559,1,4522,1,17090,1,9559,1,48,1,0,0,0,0,0,0
443,5751900,4523,9559,28.990156,,0,11,9,108,32710,1152,4409,5719190,16,178,20,1,25179,1,30,1,1969819,1,523613,1,118599,1,3070929,1,11001,1,302986,1,12514,4,545575,4,79935,4,714582,4,1383395,8,2066045,108,27523,24,3136,1,24888,1,2765,1,0,0,0,0,0,0,496530,1,19528,1,3377,1,0,0,0,0,0,0,0,0,17056,1,36,1,9559,1,4523,1,17092,1,9559,1,48,1,0,0,0,0,0,0
444,5734700,4524,9559,28.990156,,0,11,9,108,31711,1082,4719,5702989,16,178,40,1,25379,1,30,1,1970982,1,520336,1,118850,1,3056380,1,10991,1,302345,1,12634,4,536287,4,79524,4,712528,4,1380690,8,2060735,108,27764,24,2956,1,25610,1,2725,1,0,0,0,0,0,0,492703,1,19828,1,3527,1,0,0,0,0,0,0,0,0,17049,1,36,1,9559,1,4524,1,17085,1,9559,1,48,1,0,0,0,0,0,0
445,5760300,4523,9559,28.990156,,0,11,9,108,32854,1112,4639,5727446,16,178,30,1,25299,1,40,1,1976522,1,519044,1,117147,1,3078363,1,11001,1,301172,1,12705,4,536267,4,79864,4,739189,4,1377614,8,2084691,108,27473,24,3116,1,24557,1,2765,1,0,0,0,0,0,0,493154,1,18295,1,3397,1,0,0,0,0,0,0,0,0,17046,1,36,1,9559,1,4523,1,17082,1,9559,1,48,1,0,0,0,0,0,0
446,5804300,4522,9559,28.990156,,0,11,9,108,31807,1143,4699,5772493,16,178,40,1,25219,1,40,1,1968837,1,532600,1,118259,1,3116246,1,11252,1,303276,1,12614,4,535856,4,80065,4,744369,4,1408444,8,2120240,108,27874,24,3116,1,24608,1,2755,1,0,0,0,0,0,0,505027,1,19949,1,3387,1,0,0,0,0,0,0,0,0,17048,1,36,1,9559,1,4522,1,17084,1,9559,1,48,1,0,0,0,0,0,0
447,5785900,4523,9559,28.990156,,0,11,9,108,33606,1383,4829,5752294,16,178,150,1,30759,1,80,1,1970521,1,530736,1,115052,1,3091659,1,13336,1,307214,1,12524,4,537189,4,79984,4,724812,4,1397583,8,2088369,108,29196,24,3076,1,25129,1,2765,1,0,0,0,0,0,0,503474,1,19167,1,4579,1,0,0,0,0,0,0,0,0,17048,1,36,1,9559,1,4523,1,17084,1,9559,1,48,1,0,0,0,0,0,0
448,5774800,4523,9559,28.990156,,0,11,9,108,34660,1383,4449,5740140,16,178,170,1,30299,1,80,1,1983375,1,536678,1,115523,1,3062853,1,11162,1,305220,1,12394,4,534894,4,79784,4,710464,4,1386652,8,2064562,108,28104,24,3036,1,26231,1,2795,1,0,0,0,0,0,0,508634,1,19848,1,3637,1,0,0,0,0,0,0,0,0,17052,1,36,1,9559,1,4523,1,17088,1,9559,1,48,1,0,0,0,0,0,0
449,5732800,4522,9559,28.990156,,0,11,9,108,30473,1152,4439,5702327,16,178,30,1,30088,1,30,1,1966433,1,508774,1,119752,1,3066049,1,11172,1,305050,1,12544,4,535225,4,79213,4,718560,4,1384097,8,2070714,108,27503,24,3176,1,24277,1,2755,1,0,0,0,0,0,0,480960,1,20119,1,3387,1,0,0,0,0,0,0,0,0,17048,1,36,1,9559,1,4522,1,17084,1,9559,1,48,1,0,0,0,0,0,0
450,5953200,4522,9559,28.990156,,0,11,9,108,35020,1473,4118,5918180,16,178,170,1,30439,1,80,1,1963337,1,542334,1,142586,1,3228323,1,10911,1,392890,1,12935,4,568850,4,79263,4,743879,4,1397092,8,2107966,108,28886,24,3236,1,25419,1,3286,1,0,0,0,0,0,0,513428,1,20680,1,4388,1,0,0,0,0,0,0,0,0,17047,1,36,1,9559,1,4522,1,17083,1,9559,1,48,1,0,0,0,0,0,0
451,5861400,4523,9559,28.990152,,0,11,9,108,35113,1363,4059,5826287,16,178,120,1,30248,1,150,1,1965671,1,547158,1,114111,1,3157847,1,10981,1,313065,1,12664,4,533361,4,81618,4,764078,4,1416149,8,2147622,108,28545,24,3146,1,29557,1,2846,1,0,0,0,0,0,0,521719,1,18416,1,3587,1,0,0,0,0,0,0,0,0,17051,1,36,1,9559,1,4523,1,17087,1,9559,1,48,1,0,0,0,0,0,0
452,5879400,4523,9559,28.99015,,0,11,9,108,33520,1152,4358,5845880,16,178,40,1,25058,1,40,1,1971132,1,535185,1,113720,1,3189713,1,10991,1,307465,1,12634,4,543261,4,80325,4,747956,4,1461562,8,2176694,108,28465,24,4338,1,27864,1,3156,1,0,0,0,0,0,0,508413,1,20329,1,3266,1,0,0,0,0,0,0,0,0,17048,1,36,1,9559,1,4523,1,17084,1,9559,1,48,1,0,0,0,0,0,0
453,5974800,4522,9559,28.990156,,0,11,9,108,32519,1343,4420,5942281,16,178,40,1,25600,1,50,1,1967745,1,534303,1,116495,1,3286445,1,11602,1,303647,1,12945,4,535556,4,82189,4,762745,4,1549276,8,2279056,108,28545,24,3236,1,32633,1,2876,1,0,0,0,0,0,0,509966,1,17634,1,3467,1,0,0,0,0,0,0,0,0,17047,1,36,1,9559,1,4522,1,17083,1,9559,1,48,1,0,0,0,0,0,0
454,5781100,4522,9559,28.990156,,0,11,9,108,31832,1212,4258,5749268,16,178,40,1,25149,1,50,1,1958838,1,540706,1,114471,1,3098722,1,11292,1,326051,1,12524,4,537189,4,79824,4,719191,4,1386561,8,2073209,108,28285,24,3146,1,30248,1,2775,1,0,0,0,0,0,0,511239,1,22634,1,3507,1,0,0,0,0,0,0,0,0,17047,1,36,1,9559,1,4522,1,17083,1,9559,1,48,1,0,0,0,0,0,0
455,5797100,4521,9559,28.990156,,0,11,9,108,30979,1182,4188,5766121,16,178,40,1,25499,1,20,1,1974809,1,534604,1,112798,1,3107149,1,11202,1,310380,1,12514,4,537439,4,80726,4,743748,4,1388926,8,2099400,108,29086,24,3026,1,26391,1,2815,1,0,0,0,0,0,0,506660,1,20209,1,3487,1,0,0,0,0,0,0,0,0,17048,1,36,1,9559,1,4521,1,17084,1,9559,1,48,1,0,0,0,0,0,0
456,5767700,4522,9559,28.990152,,0,11,9,108,32910,1182,4620,5734790,16,178,40,1,25379,1,20,1,1970921,1,517721,1,113880,1,3095807,1,11021,1,308467,1,12504,4,536608,4,80195,4,727878,4,1397643,8,2092496,108,28405,24,3076,1,25499,1,2755,1,0,0,0,0,0,0,491110,1,20039,1,3427,1,0,0,0,0,0,0,0,0,17047,1,36,1,9559,1,4522,1,17083,1,9559,1,48,1,0,0,0,0,0,0
457,5790600,4522,9559,28.990152,,0,11,9,108,31192,1142,4479,5759408,16,178,50,1,25329,1,30,1,1967214,1,526147,1,119170,1,3110285,1,11182,1,305992,1,12394,4,536628,4,80075,4,748548,4,1395328,8,2110230,108,29166,24,3116,1,24317,1,2745,1,0,0,0,0,0,0,498845,1,19488,1,3507,1,0,0,0,0,0,0,0,0,17047,1,36,1,9559,1,4522,1,17083,1,9559,1,48,1,0,0,0,0,0,0
458,5828400,4521,9559,28.990152,,0,11,9,108,31410,1093,4329,5796990,16,178,20,1,25409,1,50,1,1969178,1,524604,1,118038,1,3148639,1,11051,1,303417,1,12795,4,536427,4,80084,4,747816,4,1436899,8,2151500,108,28886,24,3136,1,24227,1,2745,1,0,0,0,0,0,0,499085,1,18997,1,3387,1,0,0,0,0,0,0,0,0,17046,1,36,1,9559,1,4521,1,17082,1,9559,1,48,1,0,0,0,0,0,0
459,5760700,4523,9559,28.990152,,0,11,9,108,31681,1102,4530,5729019,16,178,60,1,25179,1,40,1,1969579,1,521388,1,119701,1,3082040,1,11031,1,304168,1,12614,4,536948,4,80025,4,718209,4,1398565,8,2083458,108,28786,24,3126,1,24568,1,2715,1,0,0,0,0,0,0,493645,1,20039,1,3507,1,0,0,0,0,0,0,0,0,17055,1,36,1,9559,1,4523,1,17091,1,9559,1,48,1,0,0,0,0,0,0
460,5760100,4522,9559,28.990152,,0,11,9,108,32754,1092,4299,5727346,16,178,40,1,25139,1,50,1,1970631,1,531448,1,119070,1,3069997,1,10971,1,302435,1,12725,4,536898,4,80014,4,714902,4,1391902,8,2073990,108,28515,24,3066,1,24227,1,2735,1,0,0,0,0,0,0,504466,1,19207,1,3477,1,0,0,0,0,0,0,0,0,17054,1,36,1,9559,1,4522,1,17090,1,9559,1,48,1,0,0,0,0,0,0
461,5769000,4521,9559,28.990152,,0,11,9,108,31775,1102,4399,5737225,16,178,50,1,25319,1,100,1,1975250,1,505067,1,116395,1,3104073,1,10971,1,300942,1,12544,4,536608,4,79945,4,732156,4,1408644,8,2108146,108,28255,24,3126,1,26080,1,2926,1,0,0,0,0,0,0,479567,1,17594,1,3557,1,0,0,0,0,0,0,0,0,17055,1,36,1,9559,1,4521,1,17091,1,9559,1,48,1,0,0,0,0,0,0
462,5800500,4522,9559,28.990152,,0,11,9,108,32736,1132,4489,5767764,16,178,30,1,25760,1,30,1,1973897,1,531578,1,118700,1,3106588,1,11182,1,305020,1,12855,4,536397,4,80486,4,745201,4,1394386,8,2106493,108,28605,24,3116,1,25109,1,2886,1,0,0,0,0,0,0,504055,1,19788,1,3457,1,0,0,0,0,0,0,0,0,17060,1,36,1,9559,1,4522,1,17096,1,9559,1,48,1,0,0,0,0,0,0
463,5832600,4522,9559,28.990152,,0,11,9,108,31973,1102,4159,5800627,16,178,20,1,25349,1,70,1,1969168,1,525636,1,118329,1,3150943,1,11111,1,303647,1,12584,4,536287,4,80015,4,750942,4,1436348,8,2154466,108,28665,24,3196,1,24077,1,2745,1,0,0,0,0,0,0,499436,1,19508,1,3527,1,0,0,0,0,0,0,0,0,17058,1,36,1,9559,1,4522,1,17094,1,9559,1,48,1,0,0,0,0,0,0
464,5793900,4521,9559,28.990152,,0,11,9,108,35574,1022,4559,5758326,16,178,40,1,25249,1,40,1,1972755,1,530205,1,117537,1,3101327,1,11172,1,302455,1,12604,4,537580,4,79504,4,729060,4,1408754,8,2104880,108,28375,24,3126,1,24457,1,2765,1,0,0,0,0,0,0,506219,1,17313,1,3557,1,0,0,0,0,0,0,0,0,17063,1,36,1,9559,1,4521,1,17099,1,9559,1,48,1,0,0,0,0,0,0
465,5779200,4523,9559,28.990152,,0,11,9,108,32236,1162,4358,5746964,16,178,40,1,25229,1,40,1,1970501,1,529694,1,118138,1,3092280,1,11041,1,303076,1,12775,4,537139,4,80135,4,726535,4,1401300,8,2094490,108,28986,24,2976,1,24437,1,2745,1,0,0,0,0,0,0,502021,1,19898,1,3437,1,0,0,0,0,0,0,0,0,17062,1,36,1,9559,1,4523,1,17098,1,9559,1,48,1,0,0,0,0,0,0
466,5843300,4523,9559,28.990147,,0,11,9,108,31541,1062,4219,5811759,16,178,30,1,25279,1,90,1,1971743,1,515617,1,118599,1,3169389,1,11011,1,303417,1,12524,4,536688,4,81427,4,735633,4,1468901,8,2171288,108,29026,24,2976,1,23996,1,2765,1,0,0,0,0,0,0,488615,1,20239,1,3567,1,0,0,0,0,0,0,0,0,17065,1,36,1,9559,1,4523,1,17101,1,9559,1,48,1,0,0,0,0,0,0
467,5820900,4523,9559,28.990145,,0,11,9,108,30532,1092,4099,5790368,16,178,30,1,25169,1,40,1,1967835,1,532590,1,119431,1,3134271,1,11001,1,304659,1,12524,4,536497,4,80375,4,753868,4,1412011,8,2132664,108,29116,24,5841,1,24588,1,2815,1,0,0,0,0,0,0,505908,1,19007,1,3417,1,0,0,0,0,0,0,0,0,17057,1,36,1,9559,1,4523,1,17093,1,9559,1,48,1,0,0,0,0,0,0
468,5810500,4523,9559,28.990145,,0,11,9,108,32486,1093,4359,5778014,16,178,10,1,25359,1,30,1,1967645,1,523613,1,119090,1,3131255,1,11011,1,302946,1,12685,4,536588,4,80375,4,747425,4,1420627,8,2134797,108,28896,24,3116,1,23676,1,2725,1,0,0,0,0,0,0,497041,1,18616,1,3677,1,0,0,0,0,0,0,0,0,17059,1,36,1,9559,1,4523,1,17095,1,9559,1,48,1,0,0,0,0,0,0
469,6160600,4523,9559,28.990139,,0,11,9,108,34403,1623,7404,6126197,16,178,170,1,30850,1,80,1,1966954,1,529875,1,116575,1,3470261,1,11432,1,307184,1,14328,4,616903,4,85205,4,815106,4,1588251,8,2362909,108,33044,24,3407,1,35398,1,2856,1,0,0,0,0,0,0,502211,1,19458,1,3747,1,0,0,0,0,0,0,0,0,17057,1,36,1,9559,1,4523,1,17093,1,9559,1,48,1,0,0,0,0,0,0
470,6081600,4522,9559,28.990139,,0,11,9,108,32172,1262,4059,6049428,16,178,60,1,25369,1,591,1,1962405,1,594089,1,118519,1,3337424,1,10971,1,345127,1,12494,4,537760,4,79634,4,817210,4,1499740,8,2284697,108,28195,24,3136,1,38294,1,2765,1,0,0,0,0,0,0,563470,1,22504,1,3497,1,0,0,0,0,0,0,0,0,17050,1,36,1,9559,1,4522,1,17086,1,9559,1,48,1,0,0,0,0,0,0
471,5799900,4521,9559,28.990147,,0,11,9,108,32707,1242,4519,5767193,16,178,40,1,26100,1,60,1,1958537,1,527761,1,114531,1,3128801,1,11362,1,327042,1,12644,4,536518,4,79884,4,747365,4,1390349,8,2105231,108,27964,24,3146,1,27884,1,2725,1,0,0,0,0,0,0,500829,1,19187,1,3567,1,0,0,0,0,0,0,0,0,17051,1,36,1,9559,1,4521,1,17087,1,9559,1,48,1,0,0,0,0,0,0
472,5872000,4521,9559,28.990149,,0,11,9,108,36365,1353,4239,5835635,16,178,170,1,30800,1,80,1,1998695,1,527791,1,115614,1,3149521,1,12965,1,323315,1,13035,4,538161,4,80075,4,741774,4,1419144,8,2126872,108,29808,24,3176,1,26752,1,2735,1,0,0,0,0,0,0,503373,1,17514,1,3507,1,0,0,0,0,0,0,0,0,17051,1,36,1,9559,1,4521,1,17087,1,9559,1,48,1,0,0,0,0,0,0
473,5748100,4520,9559,28.990149,,0,11,9,108,31836,1172,4469,5716264,16,178,150,1,29938,1,60,1,1961122,1,535265,1,114592,1,3063705,1,11432,1,309348,1,12705,4,537409,4,80295,4,715494,4,1376452,8,2058270,108,29206,24,3126,1,24918,1,2785,1,0,0,0,0,0,0,509225,1,19458,1,3407,1,0,0,0,0,0,0,0,0,17047,1,36,1,9559,1,4520,1,17083,1,9559,1,48,1,0,0,0,0,0,0
474,5774400,4520,9559,28.990149,,0,11,9,108,30803,1152,4529,5743597,16,178,100,1,25399,1,130,1,1977023,1,528041,1,113229,1,3088442,1,11232,1,305020,1,12695,4,537359,4,79554,4,742766,4,1378516,8,2088077,108,28675,24,3036,1,25339,1,3006,1,0,0,0,0,0,0,500688,1,19668,1,3367,1,0,0,0,0,0,0,0,0,17048,1,36,1,9559,1,4520,1,17084,1,9559,1,48,1,0,0,0,0,0,0
475,5825900,4519,9559,28.990149,,0,11,9,108,33288,1222,4219,5792612,16,178,160,1,30559,1,60,1,1972134,1,553891,1,115163,1,3109764,1,10881,1,307064,1,13326,4,538291,4,80616,4,732827,4,1405428,8,2104720,108,29317,24,3076,1,25159,1,2755,1,0,0,0,0,0,0,528051,1,18035,1,3497,1,0,0,0,0,0,0,0,0,17042,1,36,1,9559,1,4519,1,17078,1,9559,1,48,1,0,0,0,0,0,0
476,5782700,4519,9559,28.990149,,0,11,9,108,31869,1222,4499,5750831,16,178,110,1,30429,1,30,1,1956754,1,535105,1,114692,1,3102670,1,11041,1,304298,1,12314,4,536598,4,79965,4,748628,4,1389307,8,2104449,108,28986,24,3206,1,24367,1,2765,1,0,0,0,0,0,0,507531,1,19778,1,3497,1,0,0,0,0,0,0,0,0,17046,1,36,1,9559,1,4519,1,17082,1,9559,1,48,1,0,0,0,0,0,0
477,5862600,4519,9559,28.990149,,0,11,9,108,32395,1433,4400,5830205,16,178,150,1,30339,1,90,1,1966112,1,566656,1,115243,1,3140593,1,11021,1,304218,1,12374,4,534403,4,79834,4,751313,4,1426078,8,2144316,108,28675,24,3216,1,24928,1,2795,1,0,0,0,0,0,0,539844,1,19127,1,3336,1,0,0,0,0,0,0,0,0,17047,1,36,1,9559,1,4519,1,17083,1,9559,1,48,1,0,0,0,0,0,0
478,5766100,4519,9559,28.990145,,0,11,9,108,32472,1132,4399,5733628,16,178,60,1,30028,1,60,1,1960090,1,546827,1,115022,1,3070498,1,11041,1,303317,1,12855,4,537399,4,79724,4,716536,4,1389537,8,2073109,108,28565,24,3106,1,24167,1,2725,1,0,0,0,0,0,0,518182,1,20680,1,3547,1,0,0,0,0,0,0,0,0,17045,1,36,1,9559,1,4519,1,17081,1,9559,1,48,1,0,0,0,0,0,0
479,5733600,4518,9559,28.99014,,0,11,9,108,31854,1122,4430,5701746,16,178,60,1,25099,1,40,1,1971322,1,526919,1,113249,1,3053856,1,11202,1,304970,1,12654,4,536658,4,79905,4,711426,4,1375881,8,2055073,108,27804,24,2966,1,25529,1,2745,1,0,0,0,0,0,0,500207,1,19949,1,3567,1,0,0,0,0,0,0,0,0,17046,1,36,1,9559,1,4518,1,17082,1,9559,1,48,1,0,0,0,0,0,0
480,5721600,4517,9559,28.99014,,0,11,9,108,35023,1142,4349,5686577,16,178,140,1,25479,1,80,1,1977344,1,506089,1,112548,1,3053896,1,11001,1,300231,1,12524,4,535445,4,79664,4,719411,4,1375069,8,2061837,108,28295,24,3046,1,24628,1,2735,1,0,0,0,0,0,0,482383,1,17013,1,3507,1,0,0,0,0,0,0,0,0,17049,1,36,1,9559,1,4517,1,17085,1,9559,1,48,1,0,0,0,0,0,0
481,5800400,4516,9559,28.99014,,0,11,9,108,32636,1052,4510,5767764,16,178,40,1,25239,1,40,1,1969549,1,531227,1,112808,1,3117799,1,11061,1,305120,1,12404,4,546316,4,80185,4,745622,4,1396571,8,2109238,108,28445,24,3106,1,24688,1,2735,1,0,0,0,0,0,0,504736,1,19808,1,3447,1,0,0,0,0,0,0,0,0,17048,1,36,1,9559,1,4516,1,17084,1,9559,1,48,1,0,0,0,0,0,0
482,5993000,4516,9559,28.99014,,0,11,9,108,34783,1683,4629,5958217,16,178,190,1,30299,1,70,1,1969368,1,535560,1,147505,1,3262339,1,12885,1,400995,1,13416,4,585192,4,84143,4,747686,4,1398034,8,2110632,108,30459,24,3236,1,25199,1,2755,1,0,0,0,0,0,0,506755,1,20480,1,4378,1,0,0,0,0,0,0,0,0,17050,1,36,1,9559,1,4516,1,17086,1,9559,1,48,1,0,0,0,0,0,0
483,5722300,4516,9559,28.99014,,0,11,9,108,33228,1122,4309,5689072,16,178,40,1,30609,1,50,1,1949710,1,525516,1,113980,1,3057984,1,11182,1,305701,1,12675,4,536528,4,79574,4,711616,4,1379959,8,2058510,108,28756,24,3106,1,24938,1,2765,1,0,0,0,0,0,0,497853,1,19868,1,3447,1,0,0,0,0,0,0,0,0,17050,1,36,1,9559,1,4516,1,17086,1,9559,1,48,1,0,0,0,0,0,0
484,5771000,4515,9559,28.99014,,0,11,9,108,32002,1153,4730,5738998,16,178,30,1,25159,1,30,1,1974609,1,540726,1,113720,1,3073474,1,11252,1,303357,1,12284,4,536477,4,79754,4,720313,4,1388746,8,2075984,108,28345,24,3016,1,25660,1,2715,1,0,0,0,0,0,0,513433,1,19608,1,3497,1,0,0,0,0,0,0,0,0,17049,1,36,1,9559,1,4515,1,17085,1,9559,1,48,1,0,0,0,0,0,0
485,5762700,4516,9559,28.99014,,0,11,9,108,32138,1122,4529,5730562,16,178,50,1,25299,1,30,1,1971633,1,504135,1,114311,1,3104113,1,10991,1,303347,1,12664,4,535746,4,79844,4,758607,4,1382734,8,2108738,108,28074,24,2986,1,24317,1,2745,1,0,0,0,0,0,0,477053,1,20520,1,3477,1,0,0,0,0,0,0,0,0,17048,1,36,1,9559,1,4516,1,17084,1,9559,1,48,1,0,0,0,0,0,0
486,5798300,4514,9559,28.99014,,0,11,9,108,32209,1172,4570,5766091,16,178,30,1,25169,1,30,1,1969308,1,531899,1,113419,1,3115144,1,11091,1,302946,1,12304,4,536057,4,80065,4,748367,4,1404226,8,2119448,108,28575,24,3106,1,24167,1,2735,1,0,0,0,0,0,0,504185,1,19788,1,3687,1,0,0,0,0,0,0,0,0,17044,1,36,1,9559,1,4514,1,17080,1,9559,1,48,1,0,0,0,0,0,0
487,5843800,4514,9559,28.990133,,0,11,9,108,32071,1132,4499,5811729,16,178,20,1,25690,1,50,1,1969769,1,539473,1,112918,1,3152587,1,11222,1,302806,1,12424,4,535616,4,80115,4,749049,4,1441257,8,2157021,108,28786,24,3076,1,24357,1,2755,1,0,0,0,0,0,0,511820,1,19738,1,3617,1,0,0,0,0,0,0,0,0,17041,1,36,1,9559,1,4514,1,17077,1,9559,1,48,1,0,0,0,0,0,0
488,6029300,4514,9559,28.990128,,0,11,9,108,45449,1333,5291,5983851,16,173,20,1,25770,1,40,1,1968397,1,687670,1,131705,1,3156644,1,13606,1,324107,1,12765,4,547799,4,80005,4,732957,4,1425567,8,2122734,108,30499,24,3096,1,26050,1,2966,1,0,0,0,0,0,0,657181,1,21702,1,4388,1,0,0,0,0,0,0,0,0,17045,1,36,1,9559,1,4514,1,17081,1,9559,1,48,1,0,0,0,0,0,0
489,5753700,4513,9559,28.990131,,0,11,9,108,32947,1323,4530,5720753,16,178,50,1,30349,1,170,1,1959129,1,525667,1,114812,1,3079535,1,11041,1,307114,1,12374,4,537259,4,79985,4,720473,4,1389227,8,2077296,108,27874,24,3166,1,25760,1,2856,1,0,0,0,0,0,0,498083,1,19688,1,3477,1,0,0,0,0,0,0,0,0,17041,1,36,1,9559,1,4513,1,17077,1,9559,1,48,1,0,0,0,0,0,0
490,5766400,4513,9559,28.990131,,0,11,9,108,31971,1052,4539,5734429,16,178,40,1,25860,1,40,1,1970380,1,528923,1,114481,1,3083663,1,11041,1,305280,1,12424,4,536467,4,79864,4,717848,4,1399466,8,2084932,108,27844,24,3076,1,25369,1,2815,1,0,0,0,0,0,0,501600,1,19688,1,3417,1,0,0,0,0,0,0,0,0,17043,1,36,1,9559,1,4513,1,17079,1,9559,1,48,1,0,0,0,0,0,0
491,5766600,4514,9559,28.990131,,0,11,9,108,33253,1082,4749,5733347,16,178,50,1,25329,1,50,1,1980310,1,507872,1,113710,1,3095055,1,10971,1,304198,1,12434,4,535616,4,79464,4,733809,4,1396481,8,2097957,108,27583,24,2996,1,26191,1,2785,1,0,0,0,0,0,0,481311,1,19558,1,3557,1,0,0,0,0,0,0,0,0,17043,1,36,1,9559,1,4514,1,17079,1,9559,1,48,1,0,0,0,0,0,0
492,5817100,4514,9559,28.990131,,0,11,9,108,32263,1112,4419,5784837,16,178,50,1,25429,1,20,1,1968837,1,543241,1,112367,1,3123761,1,11132,1,307084,1,12444,4,535365,4,79714,4,750802,4,1406430,8,2125129,108,27684,24,3246,1,24748,1,2815,1,0,0,0,0,0,0,516258,1,20349,1,3417,1,0,0,0,0,0,0,0,0,17046,1,36,1,9559,1,4514,1,17082,1,9559,1,48,1,0,0,0,0,0,0
493,5859700,4514,9559,28.990131,,0,11,9,108,31960,1222,4329,5827740,16,178,20,1,25339,1,120,1,1968958,1,535065,1,112918,1,3174068,1,11252,1,303076,1,13005,4,535666,4,80245,4,748297,4,1462268,8,2178522,108,27714,24,3176,1,24337,1,2775,1,0,0,0,0,0,0,507121,1,20079,1,3627,1,0,0,0,0,0,0,0,0,17043,1,36,1,9559,1,4514,1,17079,1,9559,1,48,1,0,0,0,0,0,0
494,5766400,4513,9559,28.99013,,0,11,9,108,32401,1132,4559,5733999,16,178,30,1,25269,1,100,1,1970030,1,527139,1,113690,1,3086368,1,11372,1,303828,1,12414,4,535726,4,79674,4,722287,4,1400959,8,2090693,108,27994,24,3046,1,24537,1,2765,1,0,0,0,0,0,0,499506,1,19718,1,3627,1,0,0,0,0,0,0,0,0,17043,1,36,1,9559,1,4513,1,17079,1,9559,1,48,1,0,0,0,0,0,0
495,5760900,4514,9559,28.990126,,0,11,9,108,31871,1072,4489,5729029,16,178,40,1,25459,1,50,1,1969759,1,524204,1,113479,1,3085026,1,11011,1,302615,1,12334,4,536247,4,79834,4,720634,4,1402532,8,2091054,108,27623,24,2996,1,23996,1,2765,1,0,0,0,0,0,0,498203,1,19387,1,3497,1,0,0,0,0,0,0,0,0,17051,1,36,1,9559,1,4514,1,17087,1,9559,1,48,1,0,0,0,0,0,0
496,5746700,4514,9559,28.990126,,0,11,9,108,32911,1122,4710,5713789,16,178,10,1,25149,1,30,1,1975460,1,518162,1,113069,1,3070919,1,10991,1,300351,1,12484,4,535546,4,79454,4,729511,4,1382734,8,2080062,108,27473,24,2946,1,24016,1,2755,1,0,0,0,0,0,0,491370,1,19287,1,3507,1,0,0,0,0,0,0,0,0,17050,1,36,1,9559,1,4514,1,17086,1,9559,1,48,1,0,0,0,0,0,0
497,5771800,4515,9559,28.990126,,0,11,9,108,31980,1022,4359,5739820,16,178,30,1,25089,1,90,1,1972234,1,526849,1,113389,1,3091027,1,11111,1,304559,1,12544,4,535415,4,79754,4,744029,4,1383165,8,2095121,108,27714,24,3106,1,24658,1,2775,1,0,0,0,0,0,0,498584,1,20169,1,3797,1,0,0,0,0,0,0,0,0,17049,1,36,1,9559,1,4515,1,17085,1,9559,1,48,1,0,0,0,0,0,0
498,5795700,4514,9559,28.990126,,0,11,9,108,32896,1052,4179,5762804,16,178,40,1,25389,1,30,1,1971422,1,540235,1,113810,1,3100626,1,11252,1,305210,1,12444,4,535786,4,80055,4,728058,4,1408043,8,2104068,108,27854,24,3026,1,24127,1,2825,1,0,0,0,0,0,0,512571,1,19999,1,3407,1,0,0,0,0,0,0,0,0,17050,1,36,1,9559,1,4514,1,17086,1,9559,1,48,1,0,0,0,0,0,0
499,5721900,4515,9559,28.990126,,0,11,9,108,33259,1353,4619,5688641,16,178,120,1,30198,1,70,1,1962525,1,521929,1,115804,1,3045039,1,12955,1,300972,1,12484,4,535987,4,79995,4,713420,4,1371562,8,2052399,108,27964,24,3136,1,23385,1,2745,1,0,0,0,0,0,0,494647,1,19337,1,3467,1,0,0,0,0,0,0,0,0,17047,1,36,1,9559,1,4515,1,17083,1,9559,1,48,1,0,0,0,0,0,0
